600 400
10000
3	2	1
1	1	1
5	1	1
1	1	1
3	1	1
1	3	1
1	1	1
1	2	1
2	1	1
2	1	1
1	2	1
1	1	1
2	1	1
1	1	1
1	1	1
8	3	1
1	4	1
1	1	1
1	2	1
1	13	1
1	9	1
1	9	1
1	9	1
1	7	1
1	1	1
1	1	1
17	1	1
1	1	1
5	2	1
9	9	1
2	2	1
19	1	1
1	1	1
1	1	1
1	2	1
2	1	1
1	13	1
1	1	1
1	1	1
1	1	1
1	6	1
1	22	1
1	1	1
1	1	1
4	1	1
1	4	1
1	1	1
2	2	1
1	3	1
3	2	1
1	1	1
1	1	1
2	2	1
1	1	1
1	5	1
5	1	1
3	2	1
1	1	1
5	11	1
1	1	1
1	6	1
1	1	1
1	1	1
1	1	1
3	1	1
1	9	1
1	1	1
1	2	1
1	25	1
18	1	1
3	2	1
1	3	1
4	2	1
1	3	1
1	2	1
1	1	1
1	1	1
6	1	1
1	1	1
11	7	1
4	1	1
3	1	1
7	3	1
1	7	1
3	1	1
4	4	1
1	1	1
1	5	1
4	1	1
2	1	1
1	1	1
1	1	1
29	1	1
1	8	1
2	1	1
1	10	1
1	1	1
1	3	1
1	6	1
1	1	1
1	1	1
1	1	1
2	14	1
2	4	1
1	8	1
3	2	1
1	1	1
1	1	1
3	1	1
3	1	1
1	1	1
1	1	1
2	1	1
1	1	1
1	1	1
1	1	1
1	3	1
1	11	1
1	1	1
10	2	1
1	4	1
3	5	1
2	8	1
1	1	1
1	1	1
2	1	1
3	1	1
1	1	1
1	4	1
5	1	1
1	1	1
1	1	1
1	1	1
1	1	1
1	1	1
1	1	1
1	1	1
1	1	1
2	1	1
1	1	1
2	1	1
1	1	1
1	1	1
1	2	1
2	14	1
1	1	1
1	1	1
1	1	1
4	5	1
2	1	1
1	5	1
1	9	1
1	1	1
1	2	1
1	1	1
1	8	1
1	1	1
1	2	1
1	4	1
1	1	1
1	5	1
1	4	1
1	1	1
1	4	1
2	1	1
1	1	1
1	15	1
1	1	1
1	1	1
1	1	1
1	8	1
1	1	1
4	3	1
2	1	1
3	14	1
1	1	1
1	2	1
1	1	1
1	2	1
3	1	1
1	45	1
2	4	1
1	3	1
1	1	1
1	6	1
1	1	1
1	3	1
1	22	1
1	1	1
1	1	1
1	1	1
1	2	1
1	1	1
1	1	1
1	2	1
1	1	1
9	1	1
1	1	1
1	2	1
1	1	1
1	1	1
1	1	1
2	1	1
1	8	1
1	5	1
1	17	1
6	2	1
1	2	1
1	1	1
1	1	1
1	1	1
1	13	1
1	9	1
1	1	1
1	1	1
2	2	1
7	2	1
1	7	1
1	1	1
1	1	1
1	1	1
1	1	1
1	2	1
5	1	1
1	1	1
1	3	1
1	3	1
2	1	1
2	1	1
1	1	1
5	1	1
1	1	1
1	9	1
1	1	1
1	1	1
3	1	1
3	3	1
1	1	1
2	1	1
2	25	1
1	1	1
2	4	1
6	1	1
1	3	1
1	1	1
1	8	1
2	1	1
2	2	1
1	4	1
1	1	1
6	2	1
2	17	1
3	2	1
1	1	1
14	1	1
16	16	1
1	1	1
2	1	1
1	1	1
1	1	1
10	8	1
2	1	1
1	1	1
7	1	1
2	1	1
4	1	1
1	2	1
1	1	1
8	1	1
2	1	1
1	1	1
2	8	1
2	1	1
1	4	1
8	15	1
1	10	1
2	32	1
1	2	1
1	1	1
1	2	1
3	1	1
1	1	1
2	7	1
5	1	1
2	2	1
1	1	1
1	1	1
1	1	1
4	1	1
1	1	1
2	1	1
1	1	1
1	6	1
1	3	1
1	5	1
4	1	1
2	2	1
2	68	1
3	1	1
1	1	1
1	1	1
4	2	1
1	1	1
3	3	1
4	1	1
1	1	1
1	1	1
1	1	1
3	7	1
18	1	1
1	15	1
1	1	1
1	2	1
1	2	1
1	1	1
2	1	1
1	1	1
3	5	1
2	1	1
2	1	1
1	1	1
1	1	1
3	1	1
20	7	1
1	5	1
2	6	1
1	4	1
1	1	1
1	1	1
1	1	1
1	3	1
1	5	1
1	1	1
1	1	1
3	20	1
21	1	1
4	6	1
1	3	1
3	1	1
1	1	1
1	1	1
1	1	1
14	2	1
1	9	1
1	2	1
2	2	1
1	21	1
31	1	1
1	19	1
1	4	1
1	6	1
1	2	1
1	1	1
1	4	1
1	2	1
1	1	1
2	1	1
1	2	1
1	1	1
1	1	1
1	1	1
3	4	1
1	1	1
4	1	1
1	1	1
1	1	1
1	1	1
1	1	1
1	1	1
1	2	1
3	1	1
1	1	1
1	1	1
14	3	1
6	1	1
1	3	1
1	2	1
1	90	1
1	21	1
8	18	1
2	1	1
1	2	1
7	1	1
1	2	1
6	3	1
2	2	1
7	1	1
1	1	1
1	2	1
9	1	1
1	1	1
1	23	1
3	1	1
4	1	1
1	12	1
1	1	1
7	3	1
1	1	1
1	1	1
8	9	1
1	1	1
1	6	1
1	2	1
1	1	1
1	2	1
2	1	1
1	2	1
1	1	1
3	2	1
2	1	1
1	1	1
1	1	1
1	5	1
1	1	1
1	1	1
1	1	1
5	11	1
2	1	1
1	3	1
1	6	1
1	1	1
1	1	1
4	8	1
1	4	1
1	1	1
1	1	1
1	1	1
7	5	1
2	1	1
1	2	1
2	83	1
1	1	1
8	3	1
2	2	1
6	1	1
1	9	1
3	1	1
1	1	1
1	2	1
1	2	1
1	3	1
1	8	1
1	5	1
1	12	1
1	1	1
1	2	1
3	1	1
1	5	1
9	2	1
1	10	1
1	1	1
2	1	1
1	1	1
4	2	1
1	1	1
1	1	1
1	1	1
1	1	1
1	1	1
5	2	1
5	1	1
1	7	1
2	4	1
1	37	1
3	1	1
1	1	1
1	1	1
1	31	1
2	2	1
1	1	1
1	3	1
1	1	1
22	2	1
1	1	1
3	2	1
2	3	1
1	4	1
9	1	1
3	2	1
3	1	1
1	1	1
3	2	1
1	1	1
2	21	1
1	1	1
1	3	1
1	1	1
1	2	1
2	1	1
1	2	1
1	1	1
1	2	1
3	5	1
1	1	1
1	2	1
6	1	1
7	2	1
1	1	1
3	1	1
1	1	1
2	1	1
1	6	1
32	2	1
1	11	1
1	4	1
4	3	1
1	1	1
3	1	1
2	11	1
3	1	1
1	3	1
1	6	1
1	21	1
15	14	1
4	5	1
1	1	1
2	1	1
1	6	1
1	2	1
5	1	1
1	11	1
3	1	1
1	1	1
3	1	1
1	1	1
1	1	1
1	1	1
1	1	1
2	3	1
3	12	1
2	11	1
8	6	1
4	1	1
9	1	1
4	3	1
1	3	1
2	1	1
10	2	1
1	8	1
4	10	1
3	1	1
4	1	1
4	1	1
3	8	1
2	1	1
1	3	1
1	1	1
26	2	1
1	1	1
1	1	1
1	1	1
1	2	1
1	11	1
1	7	1
1	1	1
1	6	1
2	1	1
1	2	1
1	1	1
3	24	1
1	1	1
1	2	1
1	1	1
1	1	1
4	1	1
1	9	1
1	1	1
2	2	1
1	6	1
1	1	1
1	1	1
1	1	1
1	23	1
1	10	1
1	1	1
1	1	1
3	1	1
8	1	1
1	1	1
4	1	1
4	1	1
1	1	1
1	1	1
4	1	1
1	1	1
16	1	1
1	2	1
4	1	1
1	23	1
1	1	1
2	1	1
2	5	1
1	1	1
4	1	1
11	1	1
1	1	1
4	1	1
2	1	1
1	1	1
1	2	1
2	30	1
11	2	1
1	6	1
1	1	1
2	2	1
1	1	1
10	2	1
1	1	1
3	2	1
2	1	1
1	1	1
1	1	1
1	1	1
18	1	1
1	3	1
3	4	1
3	6	1
2	5	1
1	1	1
2	1	1
3	2	1
1	1	1
1	6	1
5	1	1
2	3	1
2	2	1
1	2	1
1	1	1
1	11	1
3	4	1
1	5	1
6	1	1
12	1	1
1	9	1
2	1	1
1	1	1
9	7	1
1	1	1
34	9	1
9	1	1
37	1	1
1	5	1
3	9	1
1	39	1
4	5	1
1	1	1
2	1	1
1	1	1
1	1	1
1	6	1
1	2	1
1	2	1
7	7	1
1	1	1
1	1	1
3	1	1
1	1	1
1	4	1
1	1	1
2	2	1
13	1	1
2	19	1
4	2	1
2	1	1
1	5	1
1	7	1
1	2	1
1	8	1
1	2	1
1	8	1
3	1	1
11	1	1
1	6	1
10	7	1
2	1	1
1	16	1
1	1	1
1	1	1
2	2	1
1	1	1
6	3	1
2	1	1
1	2	1
1	1	1
1	2	1
1	1	1
2	7	1
1	4	1
5	1	1
1	2	1
1	2	1
1	3	1
1	1	1
1	5	1
1	1	1
2	10	1
14	1	1
2	5	1
1	10	1
1	1	1
1	3	1
1	1	1
28	10	1
40	2	1
4	35	1
1	1	1
5	4	1
1	2	1
1	1	1
1	2	1
1	3	1
1	1	1
2	2	1
2	35	1
1	3	1
1	2	1
1	6	1
1	2	1
1	1	1
2	6	1
1	1	1
3	4	1
2	1	1
1	3	1
1	1	1
1	2	1
1	4	1
2	1	1
1	1	1
1	2	1
1	1	1
8	3	1
1	5	1
2	14	1
1	1	1
5	1	1
1	4	1
5	1	1
1	3	1
1	1	1
2	3	1
4	25	1
1	6	1
1	5	1
1	1	1
1	1	1
1	1	1
1	3	1
2	17	1
1	1	1
1	1	1
1	2	1
1	1	1
1	13	1
3	1	1
1	3	1
2	14	1
1	26	1
4	1	1
1	4	1
1	1	1
1	13	1
1	11	1
1	5	1
2	2	1
1	1	1
1	4	1
1	2	1
1	2	1
6	1	1
3	1	1
11	4	1
2	1	1
2	1	1
2	3	1
1	10	1
50	1	1
5	1	1
1	1	1
2	3	1
1	4	1
1	6	1
1	1	1
1	2	1
1	17	1
1	1	1
1	1	1
2	2	1
1	22	1
1	1	1
2	1	1
1	1	1
1	8	1
4	1	1
6	1	1
2	5	1
1	1	1
1	9	1
1	1	1
1	7	1
1	5	1
4	3	1
1	1	1
1	9	1
10	1	1
11	2	1
1	5	1
2	5	1
1	3	1
12	3	1
3	2	1
1	3	1
1	1	1
4	1	1
1	4	1
1	4	1
1	7	1
1	11	1
1	16	1
7	11	1
5	2	1
2	1	1
15	3	1
1	1	1
1	2	1
2	4	1
1	2	1
1	22	1
2	1	1
3	1	1
37	1	1
1	1	1
2	1	1
1	5	1
1	1	1
2	4	1
1	2	1
1	3	1
16	34	1
2	2	1
5	6	1
3	2	1
4	1	1
1	8	1
3	1	1
4	25	1
16	17	1
2	1	1
4	1	1
1	2	1
1	1	1
1	1	1
1	1	1
1	2	1
5	3	1
1	1	1
1	10	1
1	1	1
2	1	1
1	1	1
3	9	1
1	1	1
1	1	1
1	1	1
1	1	1
3	2	1
4	8	1
3	12	1
1	1	1
9	1	1
12	1	1
1	1	1
53	1	1
4	1	1
4	6	1
4	1	1
1	1	1
2	4	1
1	1	1
3	35	1
2	1	1
1	1	1
1	1	1
4	3	1
6	2	1
1	25	1
1	7	1
1	1	1
1	6	1
2	7	1
1	1	1
1	2	1
1	2	1
1	2	1
2	2	1
20	1	1
1	1	1
1	3	1
2	1	1
1	7	1
3	2	1
7	6	1
1	5	1
4	1	1
1	1	1
12	1	1
2	33	1
1	1	1
1	1	1
3	12	1
1	60	1
1	4	1
3	1	1
2	2	1
2	1	1
3	3	1
3	2	1
1	1	1
2	6	1
1	3	1
5	1	1
1	1	1
3	4	1
3	4	1
45	7	1
6	2	1
1	12	1
1	61	1
1	32	1
23	1	1
1	2	1
1	2	1
1	3	1
1	1	1
16	2	1
2	2	1
7	1	1
2	1	1
1	1	1
4	2	1
1	1	1
1	1	1
1	10	1
2	1	1
1	1	1
1	3	1
1	2	1
1	1	1
1	3	1
2	7	1
1	12	1
2	3	1
1	2	1
1	12	1
1	1	1
1	1	1
1	1	1
2	10	1
13	1	1
3	1	1
1	1	1
2	9	1
1	6	1
8	1	1
1	2	1
1	3	1
1	3	1
1	1	1
2	1	1
1	4	1
2	1	1
1	10	1
1	1	1
1	1	1
1	1	1
2	1	1
2	1	1
10	1	1
3	3	1
1	3	1
1	31	1
1	24	1
2	2	1
1	1	1
3	1	1
8	1	1
1	8	1
3	3	1
1	2	1
8	4	1
1	1	1
1	1	1
1	1	1
5	6	1
1	4	1
1	14	1
1	11	1
4	1	1
1	3	1
1	1	1
1	1	1
1	9	1
1	2	1
1	9	1
5	4	1
48	2	1
11	1	1
1	1	1
5	6	1
25	1	1
17	12	1
1	1	1
1	1	1
1	8	1
9	1	1
2	8	1
1	5	1
2	1	1
1	1	1
1	18	1
7	1	1
7	3	1
1	1	1
1	6	1
1	2	1
1	2	1
1	7	1
1	6	1
1	1	1
2	10	1
4	1	1
31	2	1
6	1	1
2	4	1
1	1	1
1	3	1
3	8	1
19	2	1
1	10	1
111	1	1
1	8	1
4	3	1
3	12	1
7	12	1
5	2	1
1	9	1
3	5	1
4	2	1
1	1	1
1	24	1
1	5	1
1	1	1
1	9	1
2	3	1
1	1	1
1	9	1
1	1	1
3	4	1
7	65	1
2	1	1
1	1	1
1	1	1
5	2	1
1	1	1
1	1	1
3	2	1
3	1	1
1	4	1
7	1	1
2	3	1
1	10	1
1	1	1
1	4	1
1	1	1
2	1	1
1	1	1
10	1	1
1	2	1
7	16	1
1	2	1
1	1	1
2	3	1
2	3	1
1	3	1
1	1	1
1	1	1
1	1	1
5	16	1
3	2	1
16	1	1
1	3	1
1	1	1
1	1	1
1	1	1
4	6	1
2	7	1
1	1	1
3	1	1
1	6	1
3	11	1
1	1	1
2	2	1
3	1	1
2	1	1
2	1	1
4	4	1
1	11	1
1	1	1
1	1	1
1	2	1
1	20	1
1	1	1
1	29	1
6	13	1
21	1	1
3	12	1
9	1	1
2	3	1
30	4	1
11	14	1
9	3	1
1	12	1
2	4	1
1	20	1
1	15	1
1	2	1
4	1	1
1	3	1
1	9	1
2	1	1
3	1	1
1	6	1
1	1	1
1	1	1
6	1	1
4	2	1
18	2	1
4	1	1
1	1	1
1	1	1
1	1	1
10	1	1
1	11	1
9	3	1
13	1	1
3	1	1
3	1	1
1	1	1
3	1	1
2	1	1
1	2	1
10	16	1
4	1	1
2	1	1
1	1	1
1	3	1
1	1	1
1	1	1
3	36	1
1	1	1
1	1	1
4	1	1
9	1	1
2	18	1
1	1	1
1	3	1
3	1	1
1	1	1
4	4	1
5	11	1
1	1	1
1	10	1
3	1	1
1	1	1
1	14	1
1	1	1
1	1	1
3	2	1
5	2	1
1	1	1
1	2	1
1	1	1
2	1	1
1	1	1
2	1	1
2	3	1
1	2	1
4	1	1
1	1	1
1	1	1
2	14	1
4	9	1
7	23	1
1	1	1
1	1	1
3	2	1
1	1	1
1	1	1
1	1	1
1	2	1
1	1	1
8	1	1
2	14	1
2	5	1
1	1	1
2	1	1
10	2	1
14	1	1
2	1	1
5	1	1
1	1	1
3	1	1
1	1	1
2	1	1
1	1	1
1	2	1
1	1	1
1	1	1
2	3	1
1	1	1
2	1	1
1	3	1
1	2	1
1	1	1
1	3	1
1	7	1
1	5	1
1	1	1
28	1	1
1	1	1
1	2	1
1	2	1
4	12	1
1	1	1
4	1	1
4	1	1
9	22	1
1	1	1
1	2	1
1	1	1
1	1	1
22	1	1
4	7	1
1	8	1
2	2	1
1	2	1
1	2	1
1	1	1
1	7	1
1	2	1
1	5	1
1	1	1
1	1	1
2	1	1
1	1	1
1	1	1
2	1	1
2	10	1
9	2	1
4	5	1
1	1	1
2	3	1
1	1	1
1	1	1
1	1	1
4	3	1
7	1	1
2	1	1
5	1	1
3	1	1
1	1	1
2	1	1
1	1	1
1	1	1
1	1	1
3	1	1
1	2	1
2	1	1
1	1	1
9	1	1
3	2	1
1	24	1
1	2	1
1	6	1
1	1	1
1	4	1
3	1	1
1	2	1
1	2	1
2	1	1
2	16	1
1	1	1
1	2	1
2	14	1
1	9	1
17	7	1
1	2	1
5	2	1
1	1	1
1	4	1
1	1	1
1	5	1
10	1	1
1	1	1
1	1	1
23	11	1
1	2	1
1	7	1
1	2	1
1	1	1
10	7	1
7	2	1
9	1	1
1	1	1
1	2	1
2	7	1
1	3	1
1	16	1
1	5	1
1	2	1
2	11	1
1	1	1
59	2	1
1	2	1
17	2	1
3	1	1
1	1	1
67	1	1
3	7	1
11	1	1
1	3	1
3	1	1
2	7	1
1	1	1
2	11	1
3	1	1
2	2	1
1	4	1
1	2	1
1	2	1
1	4	1
1	1	1
2	1	1
1	4	1
3	1	1
1	16	1
4	1	1
1	1	1
9	1	1
5	1	1
1	6	1
1	13	1
1	2	1
1	1	1
3	1	1
1	4	1
1	19	1
1	9	1
2	1	1
3	1	1
1	1	1
2	1	1
1	3	1
2	1	1
8	4	1
2	1	1
2	1	1
1	2	1
1	2	1
1	3	1
1	1	1
1	7	1
2	2	1
3	1	1
3	1	1
1	2	1
4	19	1
1	1	1
69	6	1
2	1	1
45	1	1
4	1	1
1	1	1
6	1	1
1	1	1
1	1	1
10	1	1
1	18	1
6	1	1
1	1	1
4	1	1
1	1	1
1	2	1
8	3	1
3	4	1
1	1	1
1	1	1
1	1	1
2	47	1
1	1	1
1	1	1
8	3	1
1	7	1
4	3	1
4	7	1
1	1	1
2	1	1
1	1	1
16	6	1
1	65	1
2	1	1
2	1	1
2	1	1
1	9	1
1	4	1
2	1	1
1	2	1
1	48	1
1	8	1
1	1	1
1	6	1
1	11	1
3	3	1
1	7	1
1	3	1
1	1	1
6	1	1
1	1	1
2	1	1
1	1	1
5	1	1
1	2	1
1	1	1
1	1	1
3	1	1
11	3	1
3	1	1
1	1	1
32	1	1
1	2	1
1	1	1
23	1	1
17	2	1
2	1	1
1	1	1
2	1	1
1	14	1
4	2	1
1	2	1
1	1	1
1	1	1
1	1	1
1	1	1
3	1	1
37	1	1
1	2	1
11	2	1
1	1	1
12	21	1
4	1	1
1	8	1
1	1	1
11	2	1
1	3	1
1	2	1
1	1	1
1	10	1
1	2	1
1	1	1
2	2	1
1	1	1
1	15	1
1	3	1
2	1	1
1	1	1
4	2	1
6	3	1
3	2	1
8	1	1
2	2	1
4	5	1
1	11	1
2	1	1
59	1	1
38	1	1
1	1	1
1	1	1
1	10	1
4	1	1
3	3	1
1	1	1
29	1	1
1	2	1
1	1	1
1	21	1
1	1	1
3	2	1
4	1	1
1	7	1
3	1	1
1	8	1
1	2	1
1	9	1
4	1	1
1	1	1
4	32	1
1	4	1
2	1	1
1	3	1
1	13	1
2	1	1
1	2	1
11	1	1
2	1	1
8	1	1
5	2	1
1	5	1
1	1	1
1	1	1
4	1	1
1	1	1
1	17	1
1	2	1
2	1	1
1	1	1
2	2	1
6	2	1
1	1	1
1	1	1
4	1	1
1	1	1
9	1	1
1	1	1
1	12	1
2	5	1
2	1	1
4	3	1
2	3	1
5	2	1
1	2	1
2	1	1
3	10	1
9	1	1
2	3	1
1	1	1
1	2	1
1	1	1
5	7	1
1	1	1
4	1	1
1	5	1
2	13	1
3	4	1
5	1	1
1	1	1
1	1	1
1	2	1
5	2	1
10	3	1
3	6	1
1	1	1
1	2	1
1	1	1
1	1	1
2	13	1
4	1	1
4	16	1
1	7	1
1	6	1
1	18	1
1	1	1
28	1	1
2	1	1
2	1	1
3	1	1
43	1	1
2	1	1
3	1	1
2	1	1
4	1	1
1	20	1
1	2	1
4	1	1
1	1	1
2	2	1
7	4	1
1	1	1
1	1	1
16	12	1
1	3	1
1	7	1
1	1	1
1	4	1
1	1	1
2	1	1
2	1	1
4	13	1
1	1	1
1	2	1
1	1	1
1	1	1
4	1	1
1	4	1
1	2	1
6	1	1
2	4	1
19	2	1
1	4	1
1	1	1
3	1	1
3	24	1
2	1	1
1	4	1
1	23	1
2	15	1
3	2	1
1	2	1
1	6	1
1	1	1
1	3	1
1	1	1
1	1	1
4	4	1
1	1	1
1	7	1
1	1	1
6	1	1
1	1	1
3	2	1
2	1	1
2	1	1
27	1	1
3	1	1
1	1	1
1	2	1
2	1	1
1	1	1
1	7	1
1	8	1
2	2	1
1	5	1
1	2	1
1	1	1
1	13	1
2	4	1
1	9	1
2	2	1
1	2	1
2	1	1
1	12	1
2	2	1
2	1	1
1	5	1
1	1	1
2	1	1
1	1	1
2	3	1
1	1	1
1	5	1
1	2	1
3	10	1
2	1	1
7	1	1
1	5	1
2	3	1
1	1	1
3	4	1
2	1	1
12	2	1
11	2	1
1	1	1
4	2	1
3	2	1
4	7	1
3	7	1
2	1	1
1	3	1
3	2	1
1	12	1
1	1	1
16	1	1
1	4	1
7	9	1
1	2	1
1	1	1
10	3	1
7	22	1
1	1	1
2	12	1
1	2	1
1	1	1
1	6	1
2	1	1
1	11	1
32	1	1
5	2	1
1	2	1
13	1	1
1	1	1
1	2	1
13	1	1
1	3	1
2	1	1
2	2	1
1	1	1
1	1	1
1	2	1
1	1	1
1	1	1
1	12	1
1	1	1
2	2	1
1	1	1
13	8	1
2	3	1
1	7	1
1	1	1
1	5	1
2	2	1
12	2	1
1	1	1
1	1	1
1	26	1
2	1	1
3	18	1
1	3	1
1	2	1
1	1	1
1	3	1
2	1	1
1	3	1
5	2	1
7	4	1
1	2	1
3	2	1
10	4	1
3	1	1
41	1	1
6	3	1
1	1	1
1	1	1
6	1	1
1	1	1
10	12	1
3	2	1
1	7	1
1	1	1
1	8	1
1	2	1
1	7	1
1	1	1
2	2	1
2	1	1
4	4	1
3	1	1
1	5	1
4	1	1
2	1	1
2	10	1
1	1	1
2	1	1
1	3	1
1	3	1
3	3	1
1	1	1
1	14	1
1	1	1
3	3	1
3	16	1
5	3	1
7	2	1
1	1	1
1	1	1
2	1	1
1	6	1
1	2	1
2	2	1
1	5	1
4	1	1
1	1	1
2	1	1
1	17	1
2	4	1
1	7	1
23	1	1
3	4	1
2	1	1
14	37	1
1	1	1
2	1	1
2	13	1
5	2	1
3	1	1
1	1	1
2	2	1
4	7	1
1	2	1
15	5	1
1	14	1
1	3	1
2	1	1
1	2	1
13	1	1
3	1	1
1	1	1
3	1	1
1	2	1
3	1	1
18	1	1
5	5	1
1	1	1
5	5	1
56	4	1
3	1	1
1	6	1
1	3	1
1	1	1
4	1	1
5	5	1
5	2	1
1	1	1
1	38	1
1	1	1
1	1	1
6	10	1
1	15	1
3	1	1
2	3	1
2	4	1
2	1	1
1	1	1
3	1	1
1	2	1
6	10	1
2	1	1
26	15	1
1	1	1
1	2	1
1	5	1
7	2	1
1	4	1
1	2	1
2	1	1
2	1	1
1	1	1
1	1	1
7	1	1
1	1	1
1	1	1
1	1	1
1	2	1
1	1	1
1	15	1
7	1	1
1	1	1
2	3	1
2	3	1
19	1	1
1	1	1
1	7	1
14	1	1
24	3	1
16	1	1
1	23	1
1	1	1
2	14	1
3	9	1
1	2	1
1	2	1
4	6	1
1	3	1
1	4	1
1	2	1
16	3	1
2	1	1
1	41	1
1	8	1
1	6	1
1	1	1
1	18	1
1	1	1
1	10	1
2	1	1
9	15	1
1	1	1
1	1	1
1	10	1
1	3	1
10	6	1
3	2	1
1	3	1
1	2	1
1	1	1
2	5	1
1	1	1
8	11	1
1	6	1
1	3	1
1	2	1
1	2	1
1	1	1
1	1	1
1	2	1
3	8	1
1	1	1
2	7	1
6	9	1
1	1	1
1	2	1
1	10	1
5	5	1
5	1	1
4	11	1
1	1	1
1	2	1
1	14	1
1	4	1
1	11	1
1	1	1
1	1	1
1	102	1
2	4	1
1	1	1
1	1	1
8	2	1
1	1	1
1	1	1
1	4	1
1	9	1
1	1	1
2	10	1
1	6	1
7	1	1
2	3	1
1	1	1
1	1	1
1	5	1
1	6	1
2	2	1
2	1	1
1	2	1
1	1	1
2	2	1
1	1	1
1	5	1
7	1	1
1	2	1
1	1	1
1	5	1
2	1	1
1	5	1
1	6	1
3	1	1
1	75	1
2	3	1
10	21	1
1	1	1
1	2	1
1	2	1
1	5	1
1	2	1
1	8	1
1	9	1
1	2	1
1	1	1
1	1	1
1	4	1
1	2	1
1	5	1
1	1	1
1	2	1
1	1	1
2	15	1
1	4	1
1	1	1
10	1	1
1	7	1
1	4	1
1	3	1
5	4	1
1	1	1
8	2	1
1	1	1
2	1	1
2	1	1
1	4	1
1	2	1
1	2	1
1	49	1
1	2	1
2	3	1
1	3	1
3	7	1
2	1	1
5	1	1
1	1	1
1	7	1
2	2	1
4	8	1
1	1	1
2	5	1
1	20	1
14	5	1
1	2	1
8	1	1
8	10	1
1	1	1
1	1	1
2	8	1
1	7	1
1	1	1
2	1	1
2	3	1
1	4	1
1	2	1
9	1	1
8	6	1
1	3	1
2	3	1
1	2	1
1	2	1
9	1	1
4	2	1
1	1	1
1	2	1
2	1	1
2	3	1
1	4	1
1	3	1
1	7	1
2	8	1
1	1	1
1	1	1
8	1	1
3	2	1
1	7	1
2	1	1
1	1	1
5	3	1
1	1	1
1	2	1
6	5	1
1	1	1
2	2	1
1	2	1
1	2	1
1	1	1
2	1	1
4	4	1
27	2	1
1	1	1
3	4	1
1	6	1
1	3	1
1	2	1
2	4	1
1	15	1
1	11	1
3	1	1
1	8	1
1	1	1
1	9	1
1	4	1
2	6	1
1	1	1
1	1	1
1	1	1
1	1	1
11	1	1
8	1	1
1	1	1
1	6	1
3	22	1
1	1	1
2	1	1
1	1	1
2	7	1
2	5	1
1	1	1
1	1	1
2	4	1
4	1	1
1	1	1
1	3	1
1	1	1
3	1	1
1	1	1
1	30	1
1	9	1
1	1	1
1	5	1
5	1	1
1	1	1
2	1	1
1	1	1
1	13	1
1	11	1
3	1	1
4	24	1
1	1	1
1	4	1
2	2	1
1	2	1
1	4	1
1	3	1
1	8	1
8	30	1
1	6	1
1	4	1
1	13	1
1	6	1
1	8	1
1	2	1
4	9	1
3	7	1
9	1	1
1	6	1
1	1	1
7	2	1
5	1	1
1	1	1
2	1	1
1	5	1
1	1	1
5	1	1
1	2	1
1	5	1
1	3	1
10	5	1
1	1	1
4	1	1
1	1	1
1	4	1
1	1	1
3	9	1
4	2	1
1	1	1
1	1	1
3	16	1
5	1	1
3	9	1
9	2	1
1	1	1
2	3	1
1	5	1
17	25	1
1	3	1
1	1	1
1	2	1
1	1	1
1	1	1
9	1	1
1	1	1
1	10	1
1	4	1
3	3	1
4	105	1
1	1	1
1	1	1
18	3	1
1	1	1
1	1	1
3	4	1
6	5	1
5	4	1
1	1	1
1	23	1
1	3	1
43	3	1
5	2	1
1	1	1
1	1	1
1	1	1
1	1	1
1	79	1
1	1	1
1	1	1
9	5	1
10	2	1
1	2	1
4	10	1
1	4	1
2	23	1
1	5	1
2	1	1
4	4	1
1	2	1
1	2	1
22	1	1
1	1	1
1	1	1
2	1	1
1	1	1
1	8	1
2	1	1
1	2	1
4	12	1
1	1	1
2	1	1
13	7	1
1	11	1
1	2	1
6	1	1
1	16	1
3	2	1
2	1	1
4	4	1
4	5	1
2	5	1
1	6	1
3	1	1
1	6	1
1	2	1
1	1	1
4	23	1
2	1	1
2	9	1
6	1	1
7	15	1
1	2	1
13	1	1
1	1	1
1	16	1
2	10	1
1	16	1
3	1	1
1	1	1
2	1	1
1	1	1
2	3	1
1	1	1
4	3	1
1	1	1
1	1	1
1	1	1
2	2	1
2	2	1
12	2	1
1	7	1
2	2	1
1	2	1
1	10	1
1	21	1
1	27	1
3	1	1
1	1	1
3	6	1
8	1	1
1	3	1
1	2	1
1	1	1
3	1	1
1	2	1
1	4	1
1	3	1
3	1	1
7	26	1
1	3	1
1	1	1
2	1	1
1	6	1
1	1	1
1	1	1
1	13	1
3	35	1
27	3	1
2	1	1
2	3	1
1	7	1
1	1	1
1	30	1
1	6	1
1	1	1
1	7	1
1	11	1
1	2	1
1	5	1
1	1	1
2	3	1
30	5	1
5	1	1
1	1	1
1	1	1
1	1	1
13	1	1
2	8	1
1	38	1
1	85	1
1	4	1
1	1	1
1	1	1
1	3	1
1	8	1
2	5	1
3	1	1
2	14	1
1	1	1
2	2	1
1	1	1
1	3	1
1	2	1
5	1	1
4	5	1
1	3	1
1	1	1
1	12	1
1	1	1
1	2	1
1	4	1
1	3	1
2	7	1
3	2	1
3	1	1
1	3	1
2	1	1
1	1	1
24	1	1
3	6	1
1	1	1
1	3	1
1	24	1
1	3	1
1	40	1
1	5	1
2	8	1
1	1	1
1	4	1
2	6	1
4	1	1
2	1	1
1	9	1
6	5	1
3	3	1
1	4	1
1	3	1
1	1	1
1	1	1
2	1	1
3	4	1
1	3	1
3	7	1
1	1	1
1	16	1
2	8	1
1	3	1
1	17	1
1	2	1
1	23	1
6	2	1
1	1	1
5	1	1
1	1	1
1	1	1
1	1	1
1	19	1
3	2	1
33	6	1
1	14	1
1	1	1
1	1	1
20	1	1
1	1	1
1	1	1
1	8	1
3	1	1
1	19	1
11	3	1
1	22	1
6	19	1
1	1	1
2	3	1
1	1	1
1	1	1
1	1	1
5	2	1
6	35	1
1	1	1
1	1	1
1	5	1
1	5	1
2	1	1
1	1	1
1	16	1
2	1	1
2	20	1
2	7	1
2	7	1
3	1	1
2	3	1
1	1	1
3	1	1
1	1	1
2	3	1
1	4	1
1	2	1
2	2	1
1	10	1
1	1	1
1	6	1
3	1	1
1	1	1
1	27	1
1	5	1
1	25	1
6	1	1
8	1	1
2	2	1
1	6	1
3	1	1
2	2	1
2	2	1
2	7	1
1	1	1
2	6	1
1	1	1
4	1	1
2	4	1
1	14	1
4	3	1
1	9	1
2	7	1
1	1	1
1	6	1
1	1	1
13	1	1
7	6	1
2	3	1
77	1	1
3	3	1
1	4	1
1	1	1
1	5	1
3	1	1
1	3	1
1	2	1
12	15	1
1	1	1
4	5	1
1	8	1
2	1	1
2	12	1
1	1	1
1	3	1
1	1	1
10	1	1
2	24	1
2	1	1
1	1	1
2	7	1
3	9	1
1	2	1
1	6	1
8	8	1
1	2	1
2	1	1
2	5	1
1	1	1
1	3	1
1	1	1
1	15	1
1	29	1
1	14	1
1	7	1
3	2	1
2	1	1
1	1	1
1	14	1
1	6	1
1	6	1
10	1	1
1	5	1
49	2	1
4	6	1
2	14	1
1	1	1
7	13	1
8	1	1
1	1	1
1	2	1
1	6	1
1	17	1
1	2	1
1	2	1
1	2	1
4	1	1
1	3	1
11	1	1
19	3	1
1	1	1
1	1	1
2	17	1
4	3	1
1	3	1
2	1	1
1	2	1
1	5	1
1	5	1
8	9	1
1	1	1
1	5	1
1	1	1
3	2	1
2	5	1
1	1	1
1	7	1
33	1	1
1	2	1
1	8	1
1	1	1
2	1	1
1	3	1
3	2	1
1	3	1
1	7	1
1	4	1
1	1	1
5	4	1
1	2	1
1	12	1
1	2	1
3	1	1
4	9	1
1	1	1
1	1	1
10	2	1
1	1	1
1	1	1
2	3	1
15	14	1
1	2	1
6	5	1
8	1	1
1	1	1
1	1	1
1	17	1
2	2	1
2	15	1
1	22	1
15	21	1
1	42	1
1	3	1
2	4	1
3	5	1
1	60	1
1	1	1
2	4	1
3	1	1
2	1	1
17	6	1
2	2	1
1	7	1
1	5	1
2	1	1
1	1	1
7	3	1
1	1	1
1	13	1
1	1	1
1	13	1
5	1	1
1	2	1
2	7	1
2	1	1
1	4	1
1	2	1
38	1	1
1	2	1
2	3	1
6	5	1
15	1	1
1	31	1
1	1	1
1	5	1
1	33	1
1	2	1
2	1	1
8	12	1
3	1	1
1	7	1
5	1	1
2	5	1
2	2	1
16	5	1
4	2	1
1	1	1
34	1	1
6	2	1
1	3	1
1	1	1
1	1	1
4	2	1
2	1	1
1	2	1
3	1	1
1	1	1
1	1	1
1	14	1
1	1	1
2	3	1
2	7	1
1	1	1
2	14	1
4	8	1
1	4	1
2	6	1
1	1	1
17	1	1
2	10	1
1	9	1
3	3	1
3	6	1
2	1	1
2	1	1
2	3	1
2	1	1
3	2	1
3	12	1
9	1	1
2	1	1
1	13	1
3	5	1
1	1	1
2	1	1
1	1	1
1	2	1
2	1	1
1	2	1
2	1	1
4	1	1
1	5	1
5	1	1
2	17	1
4	1	1
11	1	1
1	1	1
1	3	1
2	1	1
4	51	1
2	3	1
1	2	1
1	6	1
1	11	1
1	5	1
1	3	1
1	1	1
5	1	1
2	11	1
1	8	1
3	5	1
10	3	1
1	2	1
11	12	1
14	1	1
1	1	1
1	4	1
1	1	1
1	2	1
1	1	1
2	13	1
2	2	1
2	1	1
1	2	1
3	2	1
3	1	1
1	1	1
3	3	1
3	1	1
6	5	1
1	1	1
2	4	1
1	1	1
65	7	1
1	11	1
2	1	1
1	1	1
1	2	1
2	1	1
1	4	1
1	1	1
2	1	1
1	4	1
1	2	1
1	2	1
1	12	1
1	1	1
2	4	1
2	3	1
20	1	1
2	1	1
3	4	1
5	2	1
1	7	1
2	3	1
2	1	1
1	5	1
3	1	1
1	6	1
3	1	1
7	1	1
1	19	1
1	1	1
1	10	1
1	10	1
4	2	1
1	10	1
1	1	1
1	1	1
3	10	1
2	1	1
1	1	1
1	6	1
4	1	1
8	1	1
1	8	1
8	63	1
3	6	1
2	1	1
13	2	1
1	1	1
1	1	1
1	3	1
11	5	1
1	2	1
3	6	1
1	1	1
1	1	1
1	1	1
4	1	1
1	4	1
16	5	1
1	1	1
2	1	1
2	2	1
10	2	1
7	26	1
1	2	1
1	3	1
1	30	1
6	1	1
1	7	1
1	3	1
3	1	1
1	3	1
1	1	1
3	1	1
2	1	1
1	1	1
2	1	1
2	10	1
1	1	1
17	2	1
18	2	1
1	4	1
1	2	1
20	1	1
3	17	1
3	10	1
8	1	1
1	4	1
1	1	1
1	1	1
2	1	1
1	1	1
1	2	1
1	1	1
14	29	1
19	1	1
1	25	1
1	6	1
1	9	1
1	4	1
2	15	1
1	10	1
2	11	1
2	2	1
1	20	1
1	1	1
1	1	1
2	2	1
3	1	1
45	16	1
2	1	1
2	1	1
1	7	1
32	1	1
19	5	1
2	3	1
1	1	1
1	1	1
18	1	1
1	2	1
1	1	1
1	19	1
2	1	1
2	4	1
1	7	1
2	4	1
1	2	1
1	17	1
6	10	1
1	3	1
14	2	1
33	2	1
7	1	1
1	1	1
1	1	1
1	1	1
1	1	1
1	14	1
1	1	1
1	2	1
1	7	1
2	4	1
1	1	1
7	1	1
1	4	1
1	3	1
2	1	1
2	30	1
2	2	1
3	6	1
1	2	1
2	1	1
1	1	1
1	2	1
1	23	1
1	4	1
4	17	1
1	1	1
1	1	1
6	3	1
8	6	1
6	4	1
1	12	1
4	1	1
1	2	1
1	2	1
1	1	1
2	5	1
5	2	1
3	6	1
1	3	1
1	12	1
1	20	1
2	1	1
1	3	1
2	1	1
22	1	1
1	1	1
2	1	1
3	9	1
1	2	1
2	5	1
1	2	1
3	2	1
7	7	1
1	4	1
14	10	1
1	25	1
1	1	1
1	1	1
1	2	1
2	5	1
1	1	1
1	1	1
1	12	1
4	4	1
2	1	1
23	1	1
1	7	1
1	60	1
1	3	1
1	1	1
2	3	1
1	18	1
2	1	1
1	1	1
1	1	1
1	10	1
1	12	1
1	8	1
1	1	1
5	2	1
2	13	1
1	2	1
16	2	1
5	3	1
1	8	1
1	2	1
1	1	1
1	1	1
1	2	1
1	6	1
1	40	1
1	2	1
6	1	1
4	1	1
1	1	1
5	2	1
1	1	1
1	1	1
6	3	1
1	3	1
3	1	1
1	1	1
2	5	1
1	1	1
2	5	1
1	21	1
1	4	1
7	1	1
2	18	1
1	1	1
5	44	1
2	2	1
2	1	1
4	2	1
9	20	1
2	1	1
1	2	1
2	2	1
1	2	1
11	1	1
65	2	1
1	6	1
2	45	1
1	7	1
2	2	1
7	1	1
1	42	1
1	9	1
3	1	1
1	1	1
1	4	1
2	3	1
1	6	1
1	1	1
3	2	1
24	1	1
1	2	1
1	1	1
3	11	1
1	2	1
1	3	1
1	1	1
2	6	1
5	7	1
1	1	1
2	2	1
1	2	1
11	9	1
2	2	1
1	1	1
1	5	1
1	1	1
1	1	1
1	17	1
3	8	1
1	4	1
1	1	1
1	3	1
1	1	1
3	4	1
5	2	1
6	2	1
1	1	1
10	14	1
1	17	1
7	2	1
1	1	1
24	9	1
1	5	1
6	1	1
1	4	1
1	1	1
4	1	1
1	23	1
1	2	1
1	2	1
1	2	1
3	5	1
3	3	1
1	1	1
2	2	1
1	3	1
1	2	1
1	2	1
1	5	1
19	3	1
2	1	1
1	8	1
6	2	1
5	1	1
1	1	1
23	1	1
1	21	1
1	14	1
3	1	1
1	1	1
1	4	1
2	1	1
4	1	1
1	1	1
11	4	1
1	2	1
2	6	1
5	2	1
1	6	1
1	2	1
4	6	1
1	2	1
8	8	1
1	3	1
3	4	1
1	1	1
3	1	1
1	8	1
1	2	1
23	1	1
2	3	1
1	3	1
1	1	1
2	3	1
3	3	1
1	2	1
1	19	1
1	3	1
2	7	1
1	3	1
1	19	1
1	2	1
1	5	1
1	6	1
12	2	1
2	1	1
4	1	1
1	2	1
1	2	1
2	1	1
1	59	1
2	4	1
17	14	1
1	1	1
1	13	1
4	4	1
1	4	1
1	1	1
5	2	1
5	2	1
2	5	1
1	1	1
1	1	1
7	5	1
1	33	1
1	5	1
1	38	1
5	1	1
1	1	1
3	3	1
24	15	1
29	3	1
1	1	1
1	11	1
1	7	1
1	2	1
1	1	1
2	16	1
1	1	1
2	1	1
10	1	1
1	1	1
1	1	1
1	2	1
18	5	1
1	3	1
2	1	1
4	33	1
1	6	1
2	1	1
1	1	1
3	9	1
3	4	1
6	1	1
1	1	1
7	1	1
4	1	1
7	23	1
7	1	1
3	1	1
3	2	1
2	2	1
1	2	1
1	4	1
14	1	1
9	3	1
5	19	1
2	1	1
1	20	1
1	4	1
5	1	1
7	2	1
4	9	1
1	1	1
3	1	1
61	15	1
3	1	1
2	3	1
2	1	1
1	6	1
2	1	1
1	36	1
2	1	1
3	18	1
2	21	1
8	5	1
1	1	1
1	1	1
1	5	1
1	4	1
2	2	1
1	24	1
1	1	1
8	2	1
3	2	1
1	1	1
1	2	1
1	3	1
1	1	1
18	2	1
3	5	1
1	1	1
3	7	1
6	4	1
1	1	1
1	1	1
1	6	1
2	4	1
2	1	1
1	1	1
5	7	1
2	1	1
9	22	1
1	2	1
2	1	1
1	46	1
6	10	1
1	2	1
1	1	1
1	13	1
2	1	1
3	1	1
2	1	1
1	3	1
1	5	1
1	1	1
1	1	1
8	1	1
1	1	1
2	5	1
3	8	1
15	1	1
2	2	1
1	1	1
5	1	1
7	3	1
2	1	1
1	1	1
3	1	1
11	1	1
1	10	1
1	1	1
1	1	1
2	30	1
1	1	1
1	6	1
2	1	1
1	1	1
1	1	1
1	7	1
4	2	1
10	1	1
4	1	1
11	1	1
2	1	1
1	3	1
1	1	1
1	1	1
2	1	1
83	6	1
3	1	1
3	4	1
10	13	1
1	7	1
1	1	1
5	8	1
3	4	1
4	2	1
1	1	1
1	2	1
1	1	1
1	1	1
2	2	1
1	1	1
1	4	1
1	15	1
4	1	1
1	1	1
3	2	1
25	1	1
3	1	1
2	9	1
15	1	1
1	3	1
6	1	1
1	3	1
1	2	1
1	1	1
1	1	1
1	11	1
2	1	1
1	2	1
1	2	1
18	2	1
1	2	1
1	7	1
1	1	1
2	16	1
15	1	1
1	1	1
1	2	1
3	2	1
2	1	1
2	1	1
3	9	1
1	16	1
2	1	1
1	1	1
2	1	1
3	3	1
1	2	1
1	1	1
1	1	1
3	1	1
1	1	1
1	2	1
11	2	1
1	1	1
3	1	1
1	76	1
1	34	1
1	1	1
1	1	1
30	2	1
1	1	1
1	1	1
1	1	1
1	23	1
2	15	1
3	2	1
3	1	1
5	6	1
1	1	1
1	6	1
3	1	1
4	12	1
3	1	1
8	5	1
1	1	1
1	7	1
1	2	1
1	1	1
1	1	1
1	1	1
1	11	1
2	3	1
1	4	1
2	2	1
3	1	1
20	1	1
2	2	1
2	1	1
9	2	1
6	6	1
5	1	1
1	1	1
1	1	1
4	1	1
1	4	1
1	2	1
1	1	1
13	1	1
1	2	1
20	1	1
3	1	1
1	1	1
6	3	1
2	3	1
6	2	1
1	4	1
1	2	1
1	24	1
2	5	1
1	4	1
1	2	1
4	1	1
2	1	1
1	1	1
1	1	1
1	2	1
2	8	1
6	1	1
31	8	1
1	2	1
6	1	1
1	21	1
1	1	1
1	5	1
1	5	1
1	1	1
2	1	1
2	1	1
1	1	1
1	4	1
1	1	1
1	1	1
2	16	1
1	11	1
4	11	1
2	4	1
1	1	1
2	2	1
7	1	1
9	1	1
4	1	1
4	1	1
2	2	1
24	2	1
1	2	1
2	1	1
1	1	1
1	4	1
1	1	1
1	2	1
1	1	1
3	1	1
2	11	1
1	2	1
3	2	1
2	1	1
1	1	1
1	1	1
3	1	1
1	1	1
1	1	1
2	1	1
14	1	1
4	1	1
1	23	1
1	1	1
1	1	1
4	1	1
2	2	1
1	1	1
5	16	1
15	3	1
1	2	1
5	1	1
3	1	1
1	1	1
3	3	1
30	1	1
1	1	1
1	1	1
10	1	1
1	2	1
4	1	1
4	12	1
2	2	1
5	1	1
2	8	1
1	8	1
1	1	1
4	1	1
2	20	1
1	5	1
1	3	1
1	1	1
8	2	1
1	4	1
5	1	1
28	1	1
9	2	1
2	6	1
1	19	1
1	1	1
11	2	1
1	1	1
1	1	1
1	1	1
4	28	1
20	1	1
1	17	1
1	9	1
1	5	1
2	1	1
2	1	1
2	11	1
17	3	1
2	1	1
2	1	1
6	1	1
2	3	1
1	1	1
1	1	1
1	4	1
1	3	1
4	1	1
1	3	1
3	2	1
1	1	1
11	13	1
3	30	1
2	1	1
1	1	1
41	1	1
1	5	1
1	2	1
1	3	1
1	1	1
1	6	1
5	1	1
1	2	1
1	1	1
8	1	1
1	1	1
2	7	1
1	1	1
20	1	1
1	11	1
2	1	1
1	3	1
1	2	1
1	8	1
3	3	1
1	1	1
1	4	1
1	8	1
1	2	1
1	1	1
4	1	1
2	8	1
1	1	1
1	9	1
9	4	1
2	2	1
2	1	1
1	3	1
1	1	1
10	2	1
1	5	1
1	1	1
6	1	1
1	1	1
1	6	1
2	8	1
1	1	1
1	4	1
3	6	1
4	1	1
2	1	1
11	2	1
12	1	1
2	1	1
1	2	1
66	1	1
9	1	1
3	9	1
1	2	1
2	1	1
1	4	1
1	4	1
1	14	1
2	1	1
2	3	1
1	31	1
6	1	1
3	2	1
1	1	1
3	3	1
1	1	1
10	34	1
1	6	1
5	4	1
3	1	1
2	39	1
39	35	1
1	2	1
5	16	1
1	1	1
1	1	1
4	2	1
2	1	1
8	10	1
1	1	1
3	7	1
2	4	1
1	1	1
1	3	1
1	8	1
2	1	1
4	1	1
29	1	1
1	1	1
10	1	1
2	1	1
1	6	1
1	1	1
1	8	1
4	32	1
2	1	1
1	1	1
1	2	1
4	1	1
1	4	1
2	3	1
1	2	1
1	3	1
4	1	1
27	1	1
1	1	1
2	1	1
6	11	1
4	6	1
4	1	1
1	2	1
2	1	1
1	32	1
2	43	1
1	1	1
1	1	1
1	10	1
4	1	1
1	2	1
4	5	1
2	4	1
30	5	1
3	1	1
1	3	1
2	1	1
2	1	1
1	1	1
1	1	1
23	5	1
1	1	1
1	1	1
1	1	1
13	1	1
1	25	1
2	4	1
1	6	1
1	1	1
1	1	1
11	8	1
3	1	1
1	1	1
2	4	1
35	1	1
1	2	1
1	4	1
2	1	1
2	7	1
6	1	1
1	1	1
5	2	1
1	1	1
1	2	1
19	1	1
6	1	1
4	2	1
2	5	1
6	1	1
1	2	1
2	11	1
1	1	1
1	1	1
4	7	1
1	14	1
2	13	1
1	3	1
1	2	1
2	1	1
3	5	1
20	5	1
8	2	1
1	1	1
46	1	1
2	2	1
1	1	1
5	4	1
6	2	1
1	7	1
2	1	1
2	1	1
1	11	1
1	2	1
9	2	1
1	1	1
2	4	1
6	1	1
2	6	1
17	2	1
16	5	1
5	4	1
2	1	1
3	7	1
1	2	1
1	11	1
1	1	1
5	5	1
3	1	1
1	1	1
3	2	1
7	1	1
48	1	1
1	3	1
1	1	1
1	1	1
2	1	1
1	6	1
11	1	1
6	22	1
1	2	1
11	2	1
1	1	1
14	1	1
1	1	1
1	1	1
2	2	1
3	1	1
1	3	1
1	2	1
2	1	1
7	7	1
2	1	1
4	2	1
2	4	1
3	11	1
2	1	1
2	1	1
1	1	1
1	28	1
1	1	1
4	1	1
1	5	1
16	1	1
2	10	1
1	1	1
1	12	1
9	2	1
11	17	1
16	1	1
4	2	1
1	17	1
1	1	1
2	3	1
7	19	1
1	1	1
1	1	1
1	4	1
1	1	1
1	1	1
1	2	1
5	1	1
1	10	1
3	1	1
4	1	1
4	1	1
17	7	1
2	1	1
6	1	1
3	1	1
1	1	1
5	20	1
1	2	1
1	3	1
1	3	1
1	1	1
1	38	1
2	1	1
2	1	1
3	1	1
1	1	1
2	5	1
1	1	1
2	1	1
1	2	1
2	12	1
4	13	1
6	1	1
1	19	1
4	1	1
2	1	1
1	13	1
2	1	1
12	2	1
1	7	1
1	1	1
1	2	1
5	1	1
1	1	1
8	1	1
4	5	1
2	1	1
1	7	1
7	8	1
1	1	1
1	2	1
6	3	1
1	1	1
8	3	1
1	1	1
5	1	1
1	11	1
1	36	1
1	1	1
2	1	1
4	1	1
1	1	1
1	1	1
3	1	1
1	1	1
1	1	1
8	2	1
1	3	1
1	1	1
3	2	1
1	1	1
2	3	1
2	7	1
2	3	1
2	1	1
4	1	1
4	1	1
1	2	1
3	2	1
1	28	1
45	1	1
5	39	1
1	4	1
4	1	1
1	2	1
1	2	1
1	19	1
1	1	1
3	8	1
1	1	1
1	1	1
7	1	1
2	13	1
1	2	1
15	1	1
1	2	1
3	1	1
39	11	1
8	1	1
3	1	1
1	1	1
1	1	1
1	1	1
4	2	1
1	1	1
1	1	1
1	22	1
4	1	1
2	1	1
1	3	1
1	3	1
4	3	1
2	8	1
8	1	1
1	6	1
1	1	1
1	5	1
2	1	1
1	3	1
3	1	1
1	1	1
19	9	1
1	10	1
1	2	1
1	9	1
4	1	1
1	24	1
2	1	1
3	2	1
1	1	1
8	2	1
2	1	1
1	1	1
10	2	1
1	1	1
1	5	1
2	1	1
2	8	1
2	2	1
1	2	1
2	1	1
1	8	1
9	1	1
1	17	1
1	1	1
10	1	1
3	1	1
1	4	1
10	17	1
4	1	1
2	1	1
2	1	1
1	1	1
1	1	1
1	2	1
1	1	1
2	1	1
1	3	1
2	6	1
80	1	1
1	3	1
2	13	1
2	46	1
3	1	1
73	22	1
3	1	1
2	1	1
1	1	1
2	1	1
2	1	1
1	1	1
4	3	1
2	1	1
1	4	1
1	18	1
2	1	1
5	1	1
5	5	1
2	36	1
1	1	1
7	73	1
20	1	1
21	68	1
1	1	1
1	1	1
19	1	1
1	2	1
5	16	1
3	9	1
1	1	1
1	4	1
1	5	1
1	1	1
5	6	1
1	1	1
3	1	1
2	1	1
2	1	1
1	1	1
19	1	1
38	2	1
2	1	1
6	1	1
1	2	1
2	1	1
4	6	1
3	2	1
1	4	1
6	5	1
2	3	1
2	1	1
2	1	1
2	3	1
7	1	1
1	1	1
8	9	1
4	1	1
23	2	1
1	1	1
3	11	1
1	1	1
1	5	1
1	3	1
1	1	1
1	1	1
1	1	1
20	1	1
1	1	1
1	7	1
5	1	1
5	2	1
1	1	1
1	3	1
1	1	1
1	2	1
1	1	1
2	2	1
1	1	1
1	21	1
2	1	1
3	1	1
3	7	1
5	1	1
10	9	1
24	3	1
5	1	1
3	1	1
1	12	1
4	1	1
7	1	1
3	3	1
2	1	1
1	1	1
1	2	1
1	1	1
17	1	1
8	1	1
1	1	1
1	1	1
1	5	1
1	12	1
1	5	1
1	2	1
1	1	1
1	2	1
16	1	1
4	1	1
1	2	1
9	3	1
5	1	1
4	1	1
7	7	1
3	8	1
1	7	1
1	3	1
5	1	1
3	2	1
3	1	1
1	1	1
1	4	1
2	1	1
8	2	1
1	1	1
1	2	1
1	1	1
2	1	1
1	14	1
2	5	1
6	1	1
2	1	1
1	4	1
4	1	1
8	9	1
3	4	1
1	1	1
1	1	1
9	1	1
3	11	1
1	1	1
3	4	1
4	1	1
12	3	1
2	5	1
2	2	1
7	1	1
1	1	1
1	44	1
1	1	1
1	1	1
2	1	1
1	1	1
1	3	1
1	1	1
2	10	1
10	1	1
3	1	1
2	1	1
22	1	1
1	1	1
1	2	1
3	2	1
1	5	1
2	1	1
2	4	1
4	2	1
1	3	1
1	1	1
6	3	1
6	1	1
4	2	1
1	1	1
5	1	1
1	1	1
1	5	1
4	2	1
2	2	1
1	2	1
1	2	1
2	5	1
2	1	1
4	2	1
6	1	1
22	22	1
2	2	1
1	2	1
1	3	1
1	4	1
4	5	1
3	4	1
1	3	1
6	1	1
3	1	1
2	2	1
1	1	1
2	1	1
3	3	1
14	1	1
1	3	1
2	1	1
21	3	1
1	1	1
2	1	1
1	1	1
1	1	1
2	8	1
2	1	1
1	16	1
11	2	1
11	2	1
1	2	1
3	3	1
1	23	1
1	1	1
1	2	1
3	3	1
1	2	1
1	5	1
90	6	1
11	1	1
2	1	1
23	2	1
1	2	1
5	5	1
3	1	1
18	2	1
1	3	1
1	8	1
1	1	1
7	4	1
12	1	1
1	7	1
7	1	1
1	4	1
2	1	1
2	2	1
9	1	1
1	3	1
3	18	1
1	2	1
4	3	1
1	1	1
1	4	1
3	1	1
3	1	1
5	1	1
1	4	1
1	6	1
1	1	1
2	2	1
13	31	1
2	1	1
6	5	1
1	1	1
18	1	1
1	2	1
1	1	1
3	1	1
2	3	1
1	2	1
1	10	1
2	2	1
4	1	1
8	1	1
1	1	1
48	1	1
1	3	1
2	1	1
2	1	1
1	4	1
25	4	1
1	5	1
3	1	1
2	1	1
3	1	1
1	1	1
4	7	1
16	1	1
1	1	1
5	1	1
3	31	1
1	3	1
6	1	1
10	1	1
1	3	1
1	1	1
2	2	1
1	2	1
1	1	1
9	3	1
1	4	1
4	1	1
1	1	1
2	1	1
15	11	1
2	1	1
2	3	1
30	4	1
2	2	1
11	1	1
5	25	1
3	4	1
4	16	1
1	2	1
1	7	1
1	4	1
18	1	1
1	2	1
3	14	1
1	16	1
2	1	1
15	17	1
2	1	1
2	4	1
2	2	1
1	1	1
1	2	1
3	8	1
1	1	1
2	1	1
10	20	1
1	1	1
5	5	1
3	21	1
78	5	1
5	1	1
4	14	1
1	1	1
1	1	1
2	3	1
3	4	1
2	33	1
1	2	1
12	1	1
1	1	1
1	4	1
1	7	1
2	6	1
4	3	1
1	2	1
1	36	1
10	3	1
2	1	1
2	7	1
2	2	1
1	1	1
1	90	1
2	57	1
1	4	1
1	1	1
1	9	1
5	3	1
1	4	1
2	5	1
1	11	1
1	2	1
16	3	1
3	2	1
3	6	1
1	14	1
4	1	1
13	14	1
1	1	1
4	1	1
1	33	1
1	7	1
1	2	1
2	1	1
1	3	1
1	5	1
1	3	1
15	1	1
2	5	1
1	2	1
1	8	1
1	2	1
1	3	1
1	2	1
101	3	1
1	1	1
14	8	1
1	4	1
1	12	1
1	1	1
2	5	1
1	2	1
1	1	1
1	1	1
1	5	1
3	3	1
2	2	1
7	1	1
2	2	1
2	8	1
3	1	1
1	1	1
1	4	1
7	13	1
3	1	1
3	1	1
15	2	1
2	10	1
1	1	1
2	1	1
1	2	1
1	6	1
1	10	1
1	2	1
8	1	1
7	11	1
1	7	1
3	16	1
4	1	1
29	10	1
2	2	1
5	4	1
1	1	1
1	1	1
1	1	1
3	11	1
2	4	1
2	3	1
2	1	1
3	1	1
3	24	1
1	17	1
10	52	1
1	1	1
1	1	1
5	1	1
1	2	1
2	8	1
3	59	1
1	4	1
1	1	1
2	5	1
1	1	1
1	5	1
3	1	1
6	2	1
1	1	1
2	1	1
2	3	1
2	1	1
1	1	1
2	12	1
3	1	1
3	1	1
1	1	1
14	2	1
1	1	1
31	26	1
1	2	1
3	3	1
6	1	1
1	1	1
1	1	1
3	1	1
2	32	1
1	12	1
1	23	1
1	3	1
1	3	1
2	2	1
9	17	1
2	3	1
4	1	1
2	1	1
1	1	1
1	1	1
2	3	1
4	7	1
1	3	1
1	8	1
1	3	1
27	5	1
1	2	1
1	1	1
6	3	1
1	1	1
6	5	1
1	3	1
8	1	1
4	12	1
3	1	1
2	2	1
2	3	1
1	3	1
4	5	1
1	7	1
10	6	1
1	2	1
2	1	1
1	36	1
6	2	1
2	1	1
3	11	1
38	1	1
2	3	1
10	10	1
1	1	1
2	1	1
1	1	1
8	2	1
1	2	1
47	1	1
1	12	1
1	3	1
1	1	1
4	1	1
13	1	1
1	1	1
2	1	1
1	10	1
2	25	1
1	2	1
9	1	1
7	1	1
34	8	1
8	2	1
4	19	1
3	1	1
1	7	1
2	3	1
1	1	1
3	1	1
2	1	1
2	7	1
1	1	1
2	1	1
3	1	1
1	3	1
1	15	1
1	1	1
2	1	1
1	2	1
2	8	1
1	1	1
1	3	1
1	15	1
3	3	1
5	2	1
3	1	1
1	3	1
5	14	1
5	1	1
4	1	1
4	1	1
1	1	1
1	1	1
2	3	1
28	1	1
1	6	1
3	1	1
2	3	1
2	5	1
1	6	1
6	2	1
2	1	1
11	1	1
5	3	1
25	1	1
1	3	1
3	1	1
1	4	1
8	2	1
1	1	1
6	20	1
2	3	1
1	14	1
5	1	1
3	2	1
2	1	1
37	1	1
2	1	1
1	32	1
17	1	1
2	20	1
1	29	1
1	4	1
1	2	1
1	7	1
1	40	1
1	1	1
1	2	1
1	6	1
1	3	1
1	1	1
2	1	1
1	7	1
1	1	1
24	1	1
1	1	1
9	1	1
2	76	1
3	93	1
1	1	1
10	1	1
1	6	1
1	1	1
1	9	1
10	1	1
10	6	1
2	2	1
2	1	1
11	2	1
3	2	1
1	1	1
4	1	1
3	1	1
1	6	1
1	1	1
1	1	1
2	4	1
3	1	1
1	2	1
24	10	1
1	12	1
4	2	1
5	10	1
7	8	1
4	5	1
1	1	1
2	1	1
6	1	1
13	2	1
5	3	1
1	28	1
25	1	1
2	5	1
8	1	1
1	1	1
1	1	1
1	1	1
3	7	1
4	3	1
3	7	1
20	1	1
13	25	1
3	5	1
2	2	1
1	2	1
1	9	1
1	3	1
3	13	1
2	1	1
90	1	1
1	1	1
1	6	1
2	1	1
1	2	1
10	19	1
1	2	1
2	1	1
1	5	1
1	1	1
2	1	1
1	2	1
6	2	1
1	1	1
1	1	1
1	2	1
1	16	1
2	2	1
5	6	1
8	3	1
3	1	1
9	7	1
1	1	1
1	2	1
2	1	1
2	1	1
3	8	1
1	1	1
1	12	1
3	1	1
1	1	1
2	1	1
3	5	1
2	2	1
15	1	1
6	2	1
2	3	1
1	7	1
29	1	1
2	1	1
1	35	1
1	1	1
3	3	1
2	4	1
32	10	1
2	1	1
1	2	1
1	5	1
16	2	1
1	1	1
1	2	1
1	2	1
1	3	1
1	1	1
1	4	1
4	12	1
1	1	1
2	5	1
1	1	1
2	1	1
2	4	1
1	20	1
1	1	1
1	1	1
1	1	1
2	2	1
2	3	1
1	2	1
4	2	1
1	1	1
1	1	1
1	2	1
2	1	1
1	1	1
1	2	1
1	15	1
4	4	1
1	1	1
1	4	1
1	1	1
3	3	1
1	15	1
1	1	1
1	29	1
1	2	1
2	40	1
1	1	1
3	5	1
1	8	1
20	1	1
2	8	1
1	3	1
1	3	1
35	15	1
7	3	1
1	3	1
2	1	1
4	1	1
2	14	1
9	1	1
2	1	1
1	12	1
1	1	1
1	1	1
2	8	1
1	6	1
1	1	1
9	9	1
1	1	1
1	2	1
1	1	1
1	2	1
4	1	1
1	3	1
1	28	1
2	1	1
16	4	1
8	3	1
7	1	1
2	1	1
2	7	1
2	3	1
4	11	1
1	1	1
1	1	1
3	2	1
26	3	1
2	11	1
1	11	1
2	1	1
3	1	1
1	1	1
3	5	1
1	3	1
3	1	1
3	8	1
1	24	1
4	11	1
8	1	1
83	3	1
2	1	1
1	1	1
16	3	1
1	2	1
6	5	1
1	1	1
1	9	1
1	1	1
8	4	1
3	3	1
9	24	1
1	3	1
2	4	1
1	1	1
1	1	1
4	2	1
1	8	1
1	1	1
20	1	1
2	1	1
1	2	1
1	2	1
6	1	1
2	4	1
21	2	1
2	2	1
1	1	1
1	1	1
3	1	1
7	1	1
7	41	1
16	1	1
1	10	1
2	1	1
1	5	1
1	10	1
1	1	1
4	1	1
3	2	1
1	12	1
2	1	1
1	1	1
20	1	1
31	3	1
1	1	1
50	1	1
2	1	1
1	1	1
6	2	1
3	1	1
1	10	1
2	7	1
16	7	1
2	1	1
1	2	1
1	1	1
1	1	1
2	2	1
1	6	1
1	1	1
7	3	1
1	18	1
4	7	1
2	2	1
1	1	1
1	7	1
2	4	1
4	6	1
19	6	1
1	5	1
1	8	1
5	1	1
3	7	1
1	1	1
2	1	1
36	1	1
1	6	1
6	1	1
2	4	1
2	7	1
38	10	1
1	1	1
1	10	1
5	43	1
3	2	1
4	4	1
1	2	1
8	2	1
1	25	1
1	1	1
4	5	1
1	9	1
1	2	1
1	14	1
1	2	1
1	1	1
2	6	1
1	1	1
9	3	1
1	1	1
3	2	1
1	4	1
1	5	1
1	1	1
1	7	1
1	1	1
1	10	1
1	17	1
1	1	1
1	1	1
1	2	1
1	3	1
1	1	1
1	4	1
2	1	1
2	1	1
6	9	1
2	2	1
3	3	1
1	6	1
7	3	1
6	1	1
11	3	1
4	1	1
4	2	1
2	4	1
1	2	1
2	1	1
5	2	1
7	42	1
1	4	1
2	2	1
1	1	1
3	15	1
6	5	1
1	1	1
1	2	1
5	1	1
10	2	1
11	1	1
18	1	1
1	21	1
2	1	1
1	11	1
1	1	1
2	1	1
15	1	1
17	3	1
14	1	1
1	25	1
1	14	1
4	18	1
1	3	1
1	6	1
4	1	1
3	5	1
4	14	1
9	26	1
73	1	1
19	1	1
7	3	1
2	3	1
4	1	1
2	3	1
26	2	1
1	4	1
1	1	1
1	2	1
3	3	1
1	2	1
2	1	1
2	1	1
1	2	1
15	2	1
1	1	1
1	1	1
3	4	1
11	5	1
20	1	1
3	9	1
3	1	1
1	3	1
1	6	1
3	1	1
1	1	1
1	1	1
11	3	1
1	1	1
2	7	1
1	21	1
2	1	1
1	3	1
1	3	1
5	1	1
3	4	1
6	1	1
10	1	1
3	1	1
1	4	1
7	1	1
2	1	1
1	2	1
2	9	1
4	2	1
1	8	1
10	13	1
2	3	1
5	1	1
1	2	1
1	59	1
1	30	1
5	2	1
11	1	1
7	2	1
9	3	1
1	1	1
1	10	1
2	3	1
3	40	1
2	3	1
21	1	1
4	16	1
5	10	1
4	17	1
2	27	1
2	6	1
1	1	1
3	26	1
1	1	1
1	1	1
1	1	1
1	1	1
13	4	1
1	47	1
1	3	1
1	42	1
1	3	1
1	4	1
4	1	1
6	1	1
2	2	1
2	2	1
1	4	1
1	1	1
1	1	1
1	1	1
1	1	1
3	1	1
1	1	1
1	15	1
1	1	1
1	1	1
1	15	1
1	2	1
1	11	1
1	12	1
1	5	1
1	35	1
3	2	1
2	7	1
1	1	1
1	9	1
1	1	1
5	33	1
3	22	1
1	7	1
1	1	1
1	5	1
1	1	1
18	4	1
1	29	1
1	10	1
1	1	1
2	9	1
3	3	1
1	4	1
20	28	1
1	5	1
1	5	1
2	1	1
2	36	1
1	9	1
2	37	1
1	1	1
2	1	1
1	10	1
1	1	1
1	4	1
1	1	1
2	12	1
1	1	1
1	1	1
1	8	1
3	1	1
1	8	1
1	1	1
2	2	1
1	1	1
2	1	1
1	1	1
1	2	1
1	1	1
1	2	1
1	1	1
2	3	1
3	6	1
4	16	1
1	1	1
1	11	1
1	9	1
1	1	1
1	11	1
1	1	1
1	34	1
1	13	1
2	2	1
1	9	1
1	1	1
1	1	1
2	7	1
1	13	1
7	10	1
1	1	1
1	7	1
2	25	1
2	6	1
8	3	1
1	1	1
1	3	1
2	5	1
1	16	1
1	3	1
1	4	1
2	5	1
1	1	1
1	4	1
1	62	1
1	8	1
1	1	1
1	7	1
1	2	1
1	3	1
1	1	1
1	2	1
15	4	1
3	4	1
3	2	1
1	1	1
2	2	1
15	12	1
1	2	1
3	25	1
1	1	1
1	1	1
3	1	1
3	5	1
1	1	1
1	1	1
2	2	1
1	8	1
1	11	1
2	1	1
1	1	1
2	2	1
4	5	1
2	1	1
2	7	1
1	1	1
1	1	1
3	2	1
18	1	1
2	3	1
1	8	1
1	1	1
1	1	1
1	1	1
1	4	1
4	3	1
2	20	1
1	2	1
1	2	1
1	5	1
2	13	1
1	11	1
1	1	1
1	2	1
1	1	1
1	3	1
2	3	1
1	1	1
1	1	1
1	1	1
1	2	1
17	7	1
2	1	1
1	15	1
1	10	1
1	1	1
7	28	1
2	1	1
3	1	1
1	3	1
1	8	1
1	1	1
8	5	1
1	1	1
1	18	1
1	2	1
3	17	1
7	3	1
1	1	1
2	9	1
4	22	1
1	4	1
3	37	1
4	4	1
1	1	1
6	35	1
1	1	1
1	3	1
1	8	1
1	3	1
1	6	1
5	1	1
1	1	1
2	1	1
1	1	1
13	5	1
6	1	1
1	4	1
1	1	1
1	2	1
1	3	1
1	1	1
2	2	1
3	2	1
2	1	1
3	8	1
2	4	1
1	1	1
1	4	1
1	4	1
1	4	1
1	1	1
1	1	1
1	1	1
1	15	1
2	2	1
7	1	1
1	70	1
1	2	1
4	1	1
2	18	1
1	3	1
1	26	1
1	5	1
4	9	1
1	8	1
1	5	1
1	12	1
29	1	1
1	3	1
1	2	1
3	7	1
1	10	1
16	3	1
2	7	1
5	1	1
1	1	1
2	1	1
1	5	1
4	4	1
1	1	1
2	1	1
2	2	1
1	6	1
1	2	1
1	2	1
1	5	1
1	2	1
1	4	1
1	3	1
1	1	1
2	2	1
1	2	1
1	3	1
1	2	1
1	2	1
1	18	1
2	1	1
4	2	1
3	1	1
4	1	1
1	5	1
1	2	1
1	1	1
1	1	1
1	1	1
2	1	1
1	10	1
1	3	1
12	1	1
12	1	1
1	2	1
1	1	1
2	1	1
1	4	1
3	17	1
2	1	1
3	3	1
1	2	1
4	1	1
2	5	1
3	1	1
6	2	1
1	10	1
2	2	1
1	1	1
2	5	1
16	2	1
2	1	1
2	1	1
8	2	1
2	3	1
3	1	1
1	1	1
2	10	1
1	25	1
3	1	1
1	3	1
1	16	1
1	3	1
1	1	1
6	10	1
1	1	1
1	1	1
1	17	1
2	2	1
1	13	1
1	2	1
1	2	1
1	4	1
1	7	1
1	44	1
1	23	1
10	1	1
6	1	1
1	8	1
1	9	1
2	1	1
1	2	1
12	4	1
1	4	1
1	1	1
1	4	1
1	4	1
5	3	1
1	1	1
1	1	1
1	1	1
1	5	1
5	18	1
30	2	1
2	13	1
4	6	1
25	20	1
6	8	1
6	3	1
1	1	1
1	3	1
1	2	1
1	4	1
1	17	1
1	1	1
1	2	1
1	1	1
1	2	1
1	1	1
1	2	1
6	1	1
1	3	1
1	9	1
1	2	1
1	5	1
1	15	1
1	1	1
4	19	1
1	4	1
1	3	1
3	4	1
3	1	1
1	3	1
1	2	1
1	2	1
1	26	1
1	1	1
1	4	1
4	2	1
1	4	1
2	1	1
1	1	1
2	1	1
1	11	1
1	2	1
1	9	1
1	1	1
1	1	1
1	3	1
2	9	1
1	21	1
1	2	1
1	4	1
1	4	1
1	17	1
2	1	1
6	2	1
1	1	1
1	7	1
1	3	1
1	1	1
1	1	1
2	3	1
1	1	1
1	3	1
1	3	1
1	1	1
6	12	1
2	2	1
11	6	1
1	1	1
1	4	1
2	1	1
1	1	1
1	17	1
5	6	1
2	4	1
1	1	1
1	8	1
1	1	1
8	6	1
1	8	1
3	3	1
1	2	1
4	32	1
8	22	1
2	2	1
2	32	1
2	1	1
5	3	1
1	1	1
1	5	1
1	6	1
1	5	1
1	7	1
1	1	1
10	1	1
1	1	1
3	1	1
4	7	1
1	15	1
1	1	1
1	2	1
1	7	1
1	1	1
1	1	1
1	5	1
2	2	1
3	1	1
1	6	1
1	21	1
3	5	1
3	2	1
27	1	1
2	8	1
1	35	1
3	9	1
1	6	1
1	1	1
2	12	1
3	4	1
1	1	1
7	1	1
44	2	1
1	5	1
1	8	1
1	2	1
4	6	1
2	1	1
2	24	1
1	8	1
8	3	1
1	2	1
1	2	1
1	3	1
2	4	1
1	28	1
2	5	1
1	1	1
1	6	1
2	1	1
1	5	1
2	2	1
1	8	1
1	1	1
1	2	1
1	57	1
2	3	1
1	5	1
2	1	1
12	3	1
1	1	1
1	27	1
1	3	1
3	1	1
2	2	1
2	1	1
20	4	1
1	18	1
2	1	1
2	2	1
1	1	1
1	10	1
1	8	1
1	1	1
1	3	1
1	1	1
1	5	1
1	4	1
3	5	1
5	27	1
15	2	1
1	1	1
1	6	1
1	6	1
1	4	1
1	15	1
2	1	1
1	1	1
1	3	1
4	9	1
1	4	1
1	2	1
2	1	1
4	2	1
2	6	1
1	4	1
6	1	1
106	5	1
1	4	1
3	1	1
2	1	1
1	4	1
2	3	1
1	5	1
1	1	1
2	21	1
1	11	1
9	1	1
6	2	1
1	7	1
6	2	1
2	3	1
1	6	1
5	4	1
1	8	1
1	2	1
2	1	1
1	5	1
1	2	1
8	50	1
1	2	1
1	1	1
1	5	1
3	3	1
1	5	1
3	3	1
2	4	1
1	1	1
1	2	1
15	2	1
2	1	1
1	1	1
1	1	1
1	1	1
2	1	1
4	26	1
1	4	1
5	38	1
1	13	1
5	3	1
5	35	1
7	7	1
1	13	1
2	4	1
1	1	1
2	5	1
1	17	1
1	15	1
1	6	1
28	3	1
5	1	1
1	10	1
1	3	1
10	2	1
1	1	1
1	12	1
10	13	1
5	1	1
2	3	1
2	7	1
1	1	1
1	25	1
1	1	1
5	27	1
4	10	1
1	10	1
1	5	1
3	2	1
4	9	1
1	1	1
5	2	1
3	29	1
2	26	1
1	2	1
10	2	1
3	1	1
2	2	1
1	3	1
6	1	1
4	1	1
2	35	1
4	2	1
2	1	1
1	6	1
6	1	1
1	1	1
2	4	1
1	7	1
1	1	1
1	10	1
1	1	1
1	44	1
2	3	1
10	31	1
1	1	1
1	1	1
1	3	1
2	7	1
1	1	1
1	1	1
1	2	1
1	20	1
1	2	1
1	12	1
2	8	1
1	1	1
1	10	1
21	12	1
1	12	1
3	1	1
2	6	1
5	8	1
1	1	1
2	1	1
2	1	1
1	2	1
1	1	1
3	4	1
3	3	1
3	7	1
1	1	1
83	4	1
1	3	1
2	1	1
16	4	1
2	5	1
1	1	1
14	4	1
10	1	1
3	5	1
1	6	1
1	3	1
2	21	1
25	1	1
11	14	1
4	3	1
4	7	1
6	1	1
1	6	1
1	18	1
6	1	1
2	3	1
1	1	1
10	6	1
1	2	1
1	1	1
2	7	1
7	1	1
1	1	1
10	6	1
1	3	1
2	5	1
6	2	1
4	2	1
8	25	1
4	40	1
75	18	1
1	1	1
41	6	1
4	2	1
3	12	1
1	18	1
30	2	1
4	29	1
5	96	1
1	29	1
2	2	1
5	13	1
1	4	1
1	1	1
2	5	1
1	3	1
2	5	1
2	1	1
17	1	1
30	1	1
45	1	1
3	1	1
3	1	1
38	2	1
18	5	1
3	4	1
1	1	1
2	3	1
11	3	1
3	1	1
1	1	1
3	3	1
12	1	1
18	2	1
1	11	1
1	1	1
1	11	1
1	1	1
1	2	1
3	8	1
1	2	1
7	18	1
3	16	1
3	1	1
4	2	1
1	7	1
3	1	1
84	7	1
1	13	1
18	3	1
1	5	1
1	2	1
2	3	1
7	1	1
1	3	1
9	1	1
2	1	1
11	12	1
8	2	1
1	1	1
1	2	1
4	3	1
1	1	1
1	1	1
1	5	1
2	4	1
8	3	1
3	1	1
7	1	1
1	1	1
2	4	1
4	9	1
15	4	1
1	1	1
2	4	1
2	4	1
6	3	1
8	4	1
6	4	1
3	10	1
1	3	1
2	19	1
4	3	1
1	3	1
1	32	1
36	1	1
3	1	1
63	1	1
2	3	1
3	5	1
3	1	1
4	27	1
1	1	1
6	16	1
1	2	1
8	1	1
2	3	1
52	32	1
5	2	1
1	14	1
1	3	1
2	5	1
10	1	1
3	3	1
1	1	1
1	1	1
5	4	1
32	1	1
1	19	1
3	23	1
1	13	1
3	1	1
9	2	1
1	1	1
1	2	1
4	5	1
4	2	1
2	3	1
2	2	1
3	1	1
2	2	1
2	6	1
1	3	1
2	1	1
2	44	1
1	2	1
3	2	1
3	1	1
7	1	1
1	12	1
3	1	1
1	6	1
1	2	1
2	1	1
1	3	1
3	22	1
2	1	1
2	2	1
2	2	1
4	3	1
3	4	1
12	1	1
12	2	1
7	3	1
15	1	1
11	2	1
3	1	1
1	3	1
87	39	1
1	3	1
20	20	1
2	1	1
9	9	1
2	1	1
1	2	1
1	2	1
1	2	1
4	2	1
1	2	1
6	2	1
1	2	1
2	1	1
2	60	1
3	1	1
19	29	1
3	4	1
2	5	1
2	4	1
32	1	1
1	13	1
5	2	1
2	1	1
1	2	1
15	10	1
10	5	1
106	6	1
2	1	1
18	1	1
1	1	1
3	1	1
2	2	1
2	1	1
14	16	1
5	3	1
3	2	1
4	3	1
1	2	1
1	6	1
3	3	1
3	4	1
21	1	1
15	8	1
2	3	1
1	1	1
55	5	1
1	4	1
2	1	1
1	1	1
3	15	1
2	5	1
36	1	1
4	39	1
19	1	1
2	11	1
6	6	1
3	3	1
1	1	1
3	1	1
4	1	1
15	11	1
1	3	1
1	1	1
9	2	1
1	12	1
1	6	1
26	6	1
5	2	1
1	1	1
7	1	1
3	14	1
1	2	1
1	9	1
7	1	1
19	8	1
5	2	1
1	14	1
1	2	1
1	1	1
10	2	1
2	7	1
11	3	1
2	2	1
37	21	1
1	2	1
1	4	1
8	1	1
9	1	1
1	2	1
6	5	1
12	1	1
25	1	1
1	1	1
1	3	1
2	7	1
1	1	1
2	11	1
11	9	1
31	3	1
2	24	1
2	8	1
2	3	1
3	3	1
1	1	1
4	7	1
1	2	1
1	2	1
1	2	1
23	5	1
3	1	1
1	11	1
1	20	1
1	2	1
1	2	1
1	1	1
12	2	1
1	36	1
1	4	1
12	4	1
5	1	1
1	2	1
1	23	1
6	1	1
2	23	1
1	1	1
10	7	1
1	5	1
9	16	1
7	14	1
1	1	1
1	21	1
5	2	1
4	3	1
3	1	1
1	4	1
1	3	1
2	1	1
1	8	1
3	33	1
1	3	1
1	1	1
2	4	1
1	10	1
1	3	1
2	1	1
1	4	1
2	1	1
1	18	1
1	32	1
5	1	1
8	13	1
1	3	1
7	6	1
1	1	1
1	2	1
1	21	1
2	1	1
1	23	1
12	1	1
12	43	1
1	3	1
2	2	1
1	1	1
2	8	1
4	1	1
1	14	1
1	3	1
2	9	1
1	2	1
1	18	1
7	5	1
1	1	1
1	9	1
3	4	1
3	3	1
1	1	1
3	2	1
15	2	1
1	10	1
1	6	1
6	3	1
2	1	1
23	19	1
1	1	1
1	6	1
1	1	1
1	8	1
1	3	1
2	6	1
6	1	1
1	5	1
2	3	1
4	6	1
7	1	1
1	1	1
2	7	1
1	2	1
3	6	1
2	4	1
2	1	1
15	1	1
14	3	1
1	2	1
2	9	1
1	5	1
4	4	1
4	2	1
1	1	1
2	5	1
2	2	1
1	3	1
9	5	1
3	2	1
5	2	1
23	8	1
2	3	1
1	2	1
1	12	1
15	1	1
1	7	1
1	6	1
2	16	1
1	7	1
1	17	1
1	1	1
3	2	1
1	2	1
4	29	1
1	1	1
1	1	1
11	16	1
9	8	1
1	9	1
1	5	1
4	6	1
5	17	1
2	45	1
1	1	1
1	4	1
4	7	1
1	11	1
1	2	1
5	2	1
1	30	1
14	4	1
2	16	1
1	9	1
8	53	1
1	2	1
1	2	1
2	9	1
1	33	1
28	29	1
1	13	1
1	4	1
1	3	1
2	1	1
3	5	1
20	14	1
1	2	1
1	1	1
1	3	1
1	2	1
1	1	1
13	1	1
1	2	1
7	12	1
4	8	1
4	2	1
3	1	1
4	1	1
4	5	1
6	1	1
36	16	1
1	3	1
1	1	1
8	2	1
11	3	1
1	14	1
28	20	1
1	2	1
4	2	1
6	5	1
8	16	1
14	1	1
1	1	1
72	5	1
5	3	1
1	1	1
1	2	1
1	13	1
1	1	1
17	2	1
10	8	1
1	5	1
5	5	1
1	4	1
2	2	1
1	4	1
2	3	1
5	1	1
1	20	1
25	4	1
2	2	1
1	2	1
2	12	1
4	2	1
4	1	1
1	4	1
2	1	1
2	10	1
1	2	1
2	7	1
6	1	1
2	1	1
6	1	1
2	1	1
2	2	1
2	1	1
1	2	1
1	1	1
5	29	1
3	5	1
12	3	1
5	6	1
1	1	1
1	2	1
1	3	1
4	1	1
2	10	1
1	3	1
2	7	1
1	19	1
1	9	1
3	30	1
1	15	1
1	10	1
1	25	1
1	44	1
8	1	1
1	1	1
1	2	1
1	1	1
31	14	1
2	46	1
3	2	1
1	5	1
1	21	1
1	20	1
1	3	1
1	15	1
1	5	1
1	7	1
4	4	1
35	4	1
18	1	1
2	1	1
4	1	1
2	5	1
1	3	1
2	7	1
5	7	1
2	2	1
2	2	1
3	16	1
1	1	1
8	2	1
4	2	1
1	1	1
1	5	1
1	2	1
1	1	1
1	17	1
1	2	1
2	3	1
1	2	1
5	2	1
1	1	1
1	8	1
1	2	1
1	4	1
2	5	1
5	5	1
1	2	1
1	5	1
2	2	1
4	1	1
5	1	1
11	2	1
1	2	1
1	1	1
5	2	1
1	1	1
8	6	1
1	2	1
2	2	1
1	3	1
1	16	1
5	29	1
4	3	1
3	25	1
6	2	1
1	2	1
27	7	1
1	4	1
2	14	1
1	4	1
8	27	1
1	5	1
2	1	1
1	8	1
7	24	1
1	1	1
2	4	1
1	1	1
1	4	1
9	4	1
3	3	1
2	2	1
2	6	1
8	1	1
9	4	1
2	2	1
1	6	1
1	4	1
1	50	1
2	3	1
1	75	1
3	4	1
4	1	1
3	38	1
2	1	1
2	4	1
2	2	1
5	1	1
2	20	1
5	19	1
1	2	1
2	24	1
2	2	1
16	1	1
17	2	1
5	2	1
4	2	1
1	5	1
1	3	1
1	2	1
1	4	1
26	4	1
2	8	1
1	14	1
3	1	1
1	2	1
14	1	1
2	2	1
3	1	1
4	3	1
1	2	1
16	5	1
1	1	1
2	1	1
7	12	1
1	1	1
1	18	1
2	13	1
1	8	1
1	4	1
1	43	1
1	1	1
2	16	1
9	1	1
8	1	1
1	1	1
1	1	1
1	8	1
1	12	1
3	1	1
3	5	1
8	3	1
1	7	1
23	30	1
2	17	1
5	3	1
4	2	1
1	2	1
1	7	1
16	12	1
1	8	1
4	2	1
4	11	1
2	13	1
5	2	1
1	2	1
2	1	1
1	2	1
1	5	1
2	11	1
2	5	1
10	20	1
1	34	1
8	3	1
1	1	1
1	2	1
21	12	1
3	8	1
3	1	1
4	1	1
2	16	1
1	3	1
17	14	1
2	4	1
2	2	1
7	4	1
2	7	1
7	2	1
6	4	1
23	2	1
1	7	1
2	1	1
7	7	1
3	6	1
1	1	1
2	4	1
3	1	1
3	1	1
2	1	1
5	1	1
6	6	1
1	13	1
1	3	1
7	14	1
2	3	1
15	5	1
3	3	1
6	1	1
2	61	1
27	8	1
62	3	1
8	1	1
3	2	1
2	2	1
2	1	1
8	1	1
1	4	1
1	22	1
1	3	1
6	6	1
2	5	1
4	14	1
5	24	1
2	6	1
3	3	1
3	11	1
4	1	1
2	2	1
11	6	1
3	3	1
2	1	1
1	5	1
6	36	1
1	2	1
11	1	1
4	15	1
2	6	1
4	1	1
1	10	1
5	36	1
5	8	1
22	40	1
1	2	1
1	1	1
4	4	1
2	4	1
1	38	1
1	3	1
1	7	1
5	4	1
2	2	1
1	1	1
3	8	1
2	5	1
26	3	1
18	5	1
1	1	1
1	1	1
1	1	1
3	1	1
6	20	1
3	20	1
14	1	1
2	1	1
2	1	1
77	2	1
1	2	1
3	1	1
2	1	1
1	1	1
1	2	1
1	5	1
1	35	1
2	2	1
3	5	1
3	3	1
5	1	1
4	5	1
2	1	1
5	1	1
7	4	1
3	9	1
1	20	1
1	7	1
2	5	1
6	1	1
1	1	1
1	5	1
3	19	1
2	1	1
3	11	1
6	2	1
1	16	1
10	10	1
3	9	1
61	1	1
3	1	1
3	5	1
1	1	1
1	6	1
37	10	1
4	5	1
48	1	1
9	4	1
2	4	1
1	4	1
1	14	1
4	2	1
1	1	1
6	8	1
11	13	1
2	9	1
4	1	1
2	1	1
29	1	1
2	2	1
3	1	1
36	1	1
3	3	1
4	2	1
13	1	1
2	1	1
17	30	1
1	8	1
1	1	1
1	7	1
1	2	1
3	4	1
1	5	1
2	1	1
2	4	1
1	2	1
2	2	1
2	2	1
3	2	1
53	19	1
1	2	1
33	9	1
3	1	1
1	1	1
1	1	1
4	50	1
3	1	1
1	15	1
5	14	1
1	2	1
19	6	1
7	1	1
1	2	1
8	1	1
1	4	1
1	5	1
1	4	1
1	1	1
4	3	1
4	2	1
1	2	1
1	7	1
2	1	1
4	16	1
14	3	1
7	1	1
25	3	1
28	2	1
8	10	1
1	1	1
3	2	1
1	3	1
2	1	1
12	1	1
3	5	1
1	1	1
1	11	1
1	18	1
3	4	1
2	3	1
3	1	1
5	2	1
7	9	1
8	6	1
1	10	1
15	25	1
1	44	1
1	4	1
2	1	1
2	19	1
2	42	1
3	3	1
1	1	1
7	5	1
3	2	1
25	1	1
1	28	1
3	2	1
1	8	1
2	2	1
1	1	1
2	18	1
1	17	1
1	1	1
2	2	1
2	1	1
4	16	1
1	1	1
7	1	1
2	2	1
6	1	1
1	3	1
1	6	1
1	8	1
2	16	1
1	1	1
1	6	1
4	1	1
2	2	1
5	1	1
2	1	1
1	1	1
8	4	1
1	11	1
4	1	1
2	16	1
7	7	1
1	4	1
1	20	1
7	2	1
2	14	1
1	2	1
5	31	1
3	8	1
15	19	1
3	2	1
1	3	1
1	5	1
1	16	1
4	5	1
2	2	1
1	1	1
1	1	1
3	1	1
1	1	1
1	9	1
1	3	1
4	5	1
24	2	1
2	7	1
8	3	1
3	19	1
1	9	1
2	3	1
5	25	1
3	2	1
11	22	1
2	1	1
4	4	1
2	1	1
1	16	1
3	6	1
3	16	1
1	5	1
8	6	1
7	5	1
9	4	1
1	2	1
3	15	1
36	2	1
2	3	1
1	3	1
1	3	1
4	1	1
1	2	1
2	7	1
1	1	1
7	1	1
4	39	1
1	17	1
1	1	1
1	1	1
1	1	1
3	2	1
4	11	1
18	2	1
5	5	1
1	1	1
1	2	1
2	2	1
1	6	1
21	5	1
2	18	1
5	5	1
3	26	1
1	1	1
1	10	1
11	8	1
1	1	1
6	4	1
1	1	1
1	1	1
1	2	1
4	4	1
1	7	1
1	7	1
133	6	1
1	1	1
1	39	1
1	12	1
11	14	1
1	9	1
2	6	1
3	11	1
24	1	1
4	5	1
3	1	1
2	19	1
2	29	1
2	8	1
38	25	1
1	2	1
1	1	1
1	1	1
7	7	1
1	1	1
2	6	1
14	4	1
5	23	1
26	14	1
2	21	1
1	39	1
1	2	1
2	12	1
1	1	1
19	2	1
1	1	1
2	1	1
4	27	1
1	1	1
2	4	1
27	1	1
7	1	1
3	1	1
5	1	1
5	7	1
1	1	1
1	2	1
10	1	1
98	25	1
2	6	1
1	1	1
4	2	1
3	2	1
16	25	1
1	1	1
2	2	1
1	21	1
1	2	1
3	8	1
3	3	1
3	2	1
8	2	1
10	8	1
1	10	1
6	3	1
1	1	1
1	43	1
1	6	1
2	10	1
5	19	1
23	1	1
31	2	1
3	6	1
11	5	1
1	15	1
15	1	1
1	2	1
2	2	1
3	4	1
15	1	1
12	11	1
1	2	1
126	2	1
14	14	1
1	5	1
3	2	1
1	1	1
2	1	1
1	10	1
3	1	1
1	1	1
27	2	1
1	17	1
1	1	1
1	1	1
22	6	1
1	2	1
2	7	1
1	1	1
2	1	1
5	8	1
1	1	1
3	1	1
1	2	1
3	24	1
2	12	1
1	1	1
39	1	1
1	1	1
1	3	1
3	5	1
5	6	1
3	1	1
5	3	1
4	1	1
1	12	1
13	2	1
14	10	1
1	1	1
1	2	1
4	16	1
2	3	1
1	3	1
29	1	1
3	4	1
14	1	1
6	5	1
4	3	1
18	2	1
25	1	1
5	1	1
7	2	1
1	5	1
2	1	1
1	3	1
5	1	1
10	1	1
4	2	1
3	1	1
5	68	1
13	1	1
70	3	1
1	4	1
1	8	1
2	9	1
1	9	1
2	6	1
2	1	1
1	4	1
2	3	1
16	5	1
4	1	1
6	7	1
2	2	1
1	4	1
1	2	1
3	2	1
4	2	1
1	1	1
3	24	1
2	2	1
1	1	1
8	2	1
1	1	1
3	1	1
1	1	1
1	1	1
5	15	1
5	1	1
1	1	1
2	2	1
7	5	1
4	10	1
3	2	1
6	3	1
4	1	1
6	1	1
1	3	1
2	2	1
1	5	1
10	11	1
10	17	1
3	3	1
1	2	1
13	15	1
1	1	1
4	8	1
20	1	1
3	1	1
1	7	1
2	18	1
56	5	1
5	1	1
19	2	1
2	4	1
2	1	1
2	1	1
4	27	1
5	14	1
25	17	1
5	13	1
4	1	1
1	50	1
1	1	1
1	4	1
8	2	1
2	6	1
2	12	1
1	8	1
1	1	1
1	36	1
4	2	1
2	1	1
1	13	1
7	1	1
5	6	1
1	12	1
3	4	1
5	1	1
6	5	1
10	2	1
2	6	1
2	3	1
2	4	1
2	10	1
3	5	1
13	3	1
2	2	1
1	1	1
84	1	1
9	3	1
6	3	1
1	1	1
4	1	1
1	3	1
1	1	1
9	9	1
2	1	1
6	8	1
3	5	1
10	2	1
1	11	1
86	6	1
2	4	1
7	2	1
4	18	1
44	4	1
1	1	1
5	17	1
5	4	1
9	1	1
8	5	1
3	7	1
5	4	1
1	1	1
2	1	1
1	3	1
8	18	1
1	1	1
1	1	1
12	1	1
1	23	1
2	4	1
1	1	1
4	2	1
7	17	1
9	1	1
5	5	1
2	15	1
5	26	1
1	4	1
7	4	1
32	4	1
2	5	1
2	3	1
1	2	1
4	2	1
18	10	1
1	15	1
3	4	1
2	12	1
11	3	1
4	10	1
1	2	1
1	5	1
4	3	1
3	3	1
1	1	1
45	2	1
4	1	1
4	4	1
8	6	1
6	11	1
5	1	1
1	10	1
2	6	1
2	1	1
2	1	1
5	8	1
21	4	1
8	12	1
1	1	1
5	5	1
1	2	1
10	10	1
5	1	1
10	6	1
2	3	1
18	1	1
6	8	1
2	2	1
10	6	1
1	5	1
8	5	1
3	4	1
8	4	1
1	1	1
9	44	1
18	4	1
1	7	1
3	4	1
1	1	1
2	1	1
7	1	1
2	2	1
8	1	1
6	1	1
2	1	1
5	2	1
5	37	1
2	2	1
1	26	1
9	2	1
15	4	1
17	2	1
11	6	1
1	2	1
17	5	1
2	2	1
2	3	1
5	1	1
1	1	1
28	7	1
2	4	1
46	9	1
1	1	1
1	5	1
2	1	1
3	38	1
3	19	1
8	8	1
2	1	1
7	6	1
36	2	1
1	4	1
1	33	1
8	3	1
1	1	1
10	2	1
19	1	1
2	4	1
1	4	1
11	1	1
3	2	1
1	1	1
1	1	1
1	4	1
6	1	1
5	1	1
3	10	1
2	3	1
4	28	1
17	14	1
1	7	1
1	2	1
1	3	1
4	5	1
1	1	1
3	7	1
1	15	1
19	1	1
1	7	1
1	1	1
2	1	1
1	2	1
6	1	1
4	2	1
2	11	1
5	5	1
3	2	1
4	4	1
31	2	1
2	2	1
1	3	1
6	1	1
1	8	1
1	1	1
17	1	1
25	1	1
1	5	1
3	10	1
2	1	1
1	2	1
1	2	1
1	3	1
41	2	1
4	8	1
5	7	1
5	1	1
83	2	1
3	14	1
5	13	1
82	2	1
34	4	1
2	2	1
1	41	1
5	2	1
9	24	1
21	5	1
22	26	1
7	45	1
3	3	1
1	3	1
1	11	1
5	2	1
10	4	1
3	1	1
21	1	1
67	2	1
31	1	1
4	2	1
17	1	1
7	13	1
2	1	1
2	1	1
5	1	1
15	14	1
1	1	1
4	5	1
2	14	1
1	2	1
2	1	1
2	2	1
13	6	1
1	7	1
1	1	1
3	13	1
2	1	1
4	3	1
6	1	1
26	24	1
39	1	1
3	1	1
3	1	1
1	2	1
19	1	1
11	1	1
1	1	1
1	1	1
1	2	1
1	3	1
29	2	1
23	4	1
7	2	1
3	9	1
1	2	1
3	1	1
3	3	1
6	15	1
1	1	1
1	33	1
3	12	1
14	1	1
8	4	1
11	35	1
6	1	1
1	5	1
4	3	1
5	1	1
2	3	1
2	1	1
1	3	1
1	1	1
2	5	1
1	1	1
2	12	1
3	2	1
6	7	1
12	4	1
1	6	1
4	2	1
2	6	1
6	2	1
1	3	1
4	4	1
35	18	1
1	27	1
7	8	1
3	5	1
15	1	1
24	1	1
1	1	1
5	64	1
2	21	1
20	5	1
38	10	1
1	16	1
2	1	1
1	1	1
9	4	1
98	1	1
15	2	1
26	11	1
14	2	1
26	5	1
1	1	1
2	12	1
1	3	1
9	1	1
1	3	1
2	2	1
7	1	1
1	3	1
6	2	1
1	2	1
4	7	1
2	3	1
3	1	1
1	14	1
2	13	1
3	11	1
30	12	1
14	33	1
1	6	1
1	3	1
3	1	1
4	5	1
6	6	1
3	2	1
9	4	1
3	6	1
3	1	1
1	2	1
1	10	1
3	1	1
3	3	1
5	3	1
16	2	1
4	5	1
21	4	1
2	3	1
1	18	1
7	1	1
2	2	1
17	3	1
2	13	1
13	1	1
7	22	1
3	5	1
4	1	1
1	6	1
1	1	1
28	7	1
4	38	1
1	4	1
6	6	1
3	1	1
1	1	1
5	10	1
1	1	1
22	4	1
9	2	1
3	2	1
117	2	1
1	1	1
2	1	1
2	4	1
3	8	1
6	4	1
2	2	1
23	1	1
1	15	1
1	4	1
2	4	1
1	21	1
1	2	1
2	5	1
1	8	1
4	7	1
1	2	1
1	4	1
2	1	1
3	5	1
1	16	1
15	1	1
3	1	1
4	6	1
21	7	1
5	1	1
1	24	1
2	2	1
3	1	1
2	2	1
1	9	1
9	3	1
56	4	1
2	5	1
32	6	1
2	5	1
1	3	1
1	1	1
7	2	1
16	1	1
1	1	1
4	1	1
1	4	1
3	3	1
12	4	1
2	2	1
22	5	1
3	1	1
1	1	1
3	3	1
17	1	1
18	3	1
5	10	1
1	21	1
2	27	1
1	25	1
9	6	1
1	2	1
7	12	1
50	14	1
3	30	1
19	3	1
2	4	1
4	5	1
2	3	1
10	25	1
2	2	1
1	3	1
7	1	1
4	4	1
1	5	1
1	6	1
3	18	1
1	3	1
2	2	1
1	2	1
6	4	1
7	13	1
1	2	1
35	15	1
1	1	1
3	1	1
10	4	1
2	76	1
2	3	1
1	3	1
2	8	1
18	3	1
3	5	1
4	4	1
2	2	1
5	4	1
6	3	1
1	5	1
1	1	1
1	2	1
1	1	1
14	10	1
1	1	1
7	2	1
1	1	1
5	11	1
3	2	1
3	1	1
1	3	1
5	1	1
2	1	1
11	1	1
4	2	1
2	1	1
2	16	1
8	4	1
8	7	1
7	4	1
3	2	1
12	1	1
54	1	1
3	2	1
1	37	1
3	2	1
8	4	1
9	1	1
36	41	1
10	1	1
11	28	1
3	4	1
4	5	1
2	6	1
8	6	1
5	2	1
3	1	1
1	6	1
1	24	1
3	3	1
6	1	1
3	4	1
1	15	1
2	1	1
2	4	1
5	5	1
5	7	1
6	9	1
13	1	1
1	2	1
1	2	1
2	2	1
2	39	1
1	3	1
3	1	1
11	8	1
7	4	1
3	1	1
2	6	1
11	10	1
2	1	1
4	30	1
5	3	1
21	4	1
84	7	1
6	1	1
43	2	1
2	6	1
2	17	1
1	2	1
2	2	1
1	2	1
2	19	1
4	3	1
1	17	1
2	23	1
1	3	1
1	8	1
13	5	1
3	1	1
6	7	1
2	1	1
5	31	1
10	2	1
10	5	1
2	6	1
3	1	1
4	7	1
3	1	1
1	2	1
1	4	1
2	1	1
1	1	1
24	9	1
4	1	1
5	2	1
6	2	1
5	3	1
4	2	1
9	9	1
8	1	1
1	1	1
2	5	1
1	2	1
18	1	1
4	3	1
16	8	1
3	1	1
6	1	1
1	3	1
2	12	1
3	2	1
1	1	1
4	3	1
11	5	1
1	7	1
3	1	1
1	1	1
27	3	1
1	1	1
2	19	1
2	1	1
16	3	1
12	1	1
3	6	1
1	10	1
5	1	1
5	2	1
5	1	1
6	6	1
3	10	1
2	1	1
6	1	1
2	1	1
22	4	1
1	12	1
1	1	1
4	1	1
3	13	1
4	1	1
3	8	1
17	2	1
1	1	1
4	1	1
1	1	1
7	24	1
15	3	1
2	4	1
1	11	1
4	24	1
1	12	1
2	3	1
8	1	1
6	4	1
2	1	1
4	1	1
6	1	1
2	17	1
1	2	1
1	2	1
5	3	1
2	1	1
4	11	1
3	50	1
7	26	1
1	26	1
2	4	1
3	5	1
21	8	1
2	5	1
1	4	1
11	3	1
1	2	1
4	1	1
5	1	1
1	9	1
2	2	1
2	13	1
1	4	1
1	1	1
3	3	1
3	4	1
2	19	1
40	2	1
8	5	1
4	1	1
1	6	1
44	2	1
2	17	1
11	28	1
1	1	1
3	12	1
5	16	1
1	49	1
6	4	1
8	1	1
54	2	1
1	4	1
7	1	1
1	6	1
10	3	1
14	6	1
1	1	1
2	5	1
1	3	1
21	1	1
68	2	1
1	4	1
1	1	1
6	1	1
5	8	1
3	3	1
99	1	1
16	18	1
1	9	1
5	11	1
1	1	1
1	12	1
4	2	1
5	2	1
6	23	1
64	11	1
1	1	1
2	2	1
12	3	1
1	9	1
7	3	1
16	1	1
8	1	1
1	15	1
5	1	1
2	2	1
1	1	1
2	3	1
25	2	1
1	9	1
4	4	1
12	2	1
7	4	1
2	8	1
11	1	1
8	9	1
2	7	1
48	25	1
1	1	1
1	11	1
12	4	1
5	5	1
4	1	1
1	37	1
2	10	1
1	17	1
1	4	1
2	10	1
2	12	1
4	18	1
1	1	1
1	1	1
1	6	1
1	1	1
1	9	1
9	12	1
1	24	1
2	1	1
1	1	1
2	1	1
3	3	1
5	1	1
7	3	1
2	22	1
1	26	1
10	1	1
15	6	1
11	1	1
4	1	1
6	1	1
16	8	1
1	3	1
2	2	1
9	28	1
8	5	1
1	1	1
3	11	1
5	2	1
11	2	1
22	3	1
5	9	1
2	21	1
1	1	1
10	30	1
21	2	1
36	2	1
1	8	1
10	2	1
4	6	1
3	1	1
16	6	1
88	1	1
8	8	1
2	5	1
2	1	1
1	5	1
1	2	1
3	2	1
4	2	1
4	19	1
4	1	1
18	1	1
1	2	1
5	18	1
14	1	1
4	13	1
1	4	1
12	6	1
1	1	1
1	11	1
2	2	1
1	3	1
2	9	1
10	15	1
3	4	1
4	6	1
3	6	1
7	7	1
35	8	1
1	1	1
8	12	1
7	1	1
12	4	1
9	29	1
3	9	1
10	2	1
16	3	1
17	2	1
3	2	1
2	3	1
3	4	1
5	2	1
8	10	1
11	19	1
7	5	1
5	23	1
2	3	1
1	1	1
1	3	1
3	1	1
4	1	1
24	3	1
5	2	1
2	1	1
24	1	1
5	9	1
39	1	1
2	1	1
1	1	1
2	2	1
5	5	1
2	1	1
1	1	1
5	11	1
1	1	1
2	1	1
1	1	1
13	7	1
7	7	1
1	1	1
12	1	1
1	8	1
2	1	1
4	14	1
1	4	1
23	2	1
1	1	1
1	1	1
1	3	1
1	11	1
1	1	1
8	2	1
3	1	1
1	1	1
12	1	1
3	1	1
1	1	1
1	1	1
1	1	1
3	5	1
2	1	1
1	9	1
4	2	1
2	4	1
1	1	1
1	1	1
1	1	1
1	8	1
1	1	1
3	14	1
1	2	1
1	1	1
16	1	1
1	45	1
1	4	1
1	3	1
2	1	1
1	1	1
1	1	1
1	1	1
1	8	1
13	17	1
1	2	1
2	1	1
1	13	1
1	1	1
6	2	1
2	1	1
1	1	1
1	2	1
6	1	1
2	3	1
1	1	1
1	1	1
2	1	1
1	3	1
3	1	1
1	1	1
1	25	1
1	1	1
1	1	1
1	4	1
1	1	1
6	2	1
52	2	1
2	1	1
16	8	1
3	1	1
2	1	1
1	1	1
1	1	1
2	2	1
1	1	1
2	1	1
3	8	1
16	1	1
8	15	1
2	32	1
8	7	1
1	1	1
1	5	1
5	1	1
1	2	1
1	2	1
1	3	1
1	1	1
1	7	1
4	15	1
1	2	1
1	1	1
2	5	1
1	1	1
2	1	1
1	1	1
3	7	1
1	1	1
2	20	1
10	1	1
3	2	1
1	2	1
1	2	1
25	1	1
1	4	1
2	2	1
1	2	1
2	1	1
1	4	1
1	1	1
7	1	1
1	2	1
6	3	1
1	1	1
3	3	1
1	90	1
1	18	1
11	1	1
10	3	1
18	2	1
11	1	1
5	1	1
7	3	1
1	1	1
1	1	1
2	9	1
1	1	1
8	2	1
2	1	1
2	1	1
1	1	1
2	11	1
4	1	1
1	6	1
1	8	1
1	4	1
1	1	1
7	5	1
1	83	1
1	3	1
3	1	1
84	1	1
1	2	1
1	3	1
1	10	1
1	1	1
10	2	1
7	1	1
1	1	1
4	2	1
3	1	1
26	2	1
2	1	1
3	2	1
1	4	1
3	1	1
1	2	1
2	1	1
1	1	1
1	2	1
4	1	1
2	1	1
16	1	1
11	2	1
1	1	1
3	1	1
1	14	1
8	5	1
1	1	1
2	1	1
32	1	1
2	1	1
1	11	1
2	6	1
23	1	1
10	3	1
17	2	1
71	10	1
4	1	1
4	1	1
1	1	1
31	2	1
1	1	1
1	1	1
2	2	1
1	6	1
1	1	1
13	24	1
1	6	1
1	1	1
2	23	1
4	1	1
3	1	1
2	1	1
12	1	1
8	1	1
1	5	1
1	1	1
3	1	1
1	1	1
1	2	1
14	30	1
4	2	1
1	6	1
4	1	1
3	2	1
2	2	1
1	1	1
6	1	1
3	4	1
11	6	1
1	5	1
2	2	1
4	6	1
2	1	1
1	2	1
6	2	1
4	1	1
25	1	1
1	9	1
10	7	1
50	9	1
3	1	1
14	1	1
1	1	1
1	6	1
2	1	1
44	2	1
4	5	1
7	1	1
2	7	1
5	1	1
6	3	1
4	1	1
1	4	1
4	1	1
1	5	1
3	10	1
16	1	1
1	5	1
4	10	1
2	1	1
14	10	1
10	2	1
4	35	1
3	1	1
1	4	1
3	1	1
2	1	1
2	6	1
5	4	1
2	1	1
6	3	1
1	2	1
5	3	1
1	14	1
2	1	1
2	1	1
1	3	1
1	3	1
2	25	1
3	1	1
1	1	1
1	17	1
2	2	1
1	1	1
2	14	1
2	11	1
1	5	1
4	2	1
1	2	1
4	1	1
17	1	1
17	4	1
1	1	1
1	3	1
17	1	1
1	1	1
1	3	1
1	8	1
5	1	1
1	5	1
2	1	1
1	1	1
2	1	1
2	2	1
1	3	1
1	3	1
2	1	1
2	4	1
1	1	1
1	3	1
2	1	1
28	1	1
3	5	1
9	34	1
1	6	1
4	17	1
1	1	1
1	2	1
2	1	1
2	3	1
6	8	1
1	12	1
2	1	1
6	1	1
14	1	1
5	1	1
4	1	1
5	4	1
4	2	1
1	7	1
1	2	1
5	2	1
2	2	1
2	1	1
1	1	1
1	1	1
2	1	1
16	1	1
2	60	1
1	1	1
2	2	1
1	3	1
7	1	1
6	4	1
1	4	1
4	7	1
4	1	1
5	2	1
2	3	1
4	1	1
1	1	1
14	2	1
1	1	1
2	1	1
1	1	1
2	3	1
1	3	1
2	1	1
3	10	1
4	1	1
2	6	1
1	1	1
2	1	1
1	1	1
6	1	1
1	2	1
52	1	1
1	8	1
18	3	1
2	4	1
1	1	1
1	1	1
1	2	1
20	2	1
7	1	1
14	12	1
2	1	1
22	1	1
2	5	1
3	3	1
7	2	1
1	1	1
1	1	1
4	2	1
7	1	1
1	4	1
1	3	1
3	8	1
1	2	1
8	1	1
1	8	1
5	12	1
1	24	1
12	9	1
4	3	1
2	1	1
4	4	1
2	65	1
1	2	1
10	1	1
2	4	1
15	1	1
9	3	1
1	1	1
1	1	1
3	1	1
3	16	1
1	2	1
3	3	1
2	1	1
1	16	1
1	1	1
16	6	1
1	11	1
4	1	1
4	1	1
1	1	1
4	20	1
4	1	1
2	13	1
28	1	1
4	12	1
5	1	1
4	3	1
2	14	1
24	3	1
7	15	1
7	3	1
5	1	1
1	1	1
7	1	1
2	2	1
21	2	1
1	1	1
1	1	1
1	1	1
1	11	1
2	3	1
6	1	1
2	1	1
1	1	1
1	1	1
23	16	1
3	1	1
1	36	1
4	1	1
1	1	1
1	4	1
3	11	1
1	1	1
3	1	1
1	1	1
12	2	1
2	2	1
2	1	1
3	1	1
3	3	1
2	2	1
1	1	1
3	23	1
1	1	1
2	1	1
4	1	1
5	1	1
5	14	1
6	2	1
2	1	1
4	1	1
4	1	1
2	3	1
1	7	1
1	1	1
11	1	1
1	1	1
8	1	1
3	22	1
1	1	1
6	1	1
1	7	1
1	2	1
1	2	1
1	1	1
1	5	1
3	1	1
1	1	1
2	1	1
13	2	1
2	1	1
3	3	1
2	1	1
4	3	1
7	1	1
2	1	1
1	1	1
2	1	1
3	1	1
5	24	1
2	2	1
1	6	1
2	1	1
2	1	1
1	1	1
1	16	1
1	1	1
1	2	1
1	14	1
66	7	1
5	2	1
7	1	1
1	4	1
6	1	1
1	1	1
1	11	1
1	7	1
4	7	1
2	2	1
1	1	1
1	7	1
1	2	1
17	2	1
8	2	1
3	1	1
8	7	1
12	3	1
2	7	1
2	1	1
2	11	1
3	1	1
3	1	1
1	16	1
1	1	1
1	1	1
5	1	1
9	13	1
3	1	1
1	9	1
5	1	1
1	1	1
1	1	1
1	1	1
2	4	1
2	2	1
3	1	1
1	1	1
7	2	1
5	1	1
6	6	1
23	1	1
2	1	1
3	1	1
2	1	1
35	1	1
2	4	1
10	1	1
1	47	1
2	3	1
26	3	1
3	1	1
14	6	1
7	1	1
4	48	1
2	1	1
1	11	1
1	3	1
2	1	1
2	1	1
1	1	1
5	1	1
2	2	1
14	1	1
19	3	1
13	1	1
2	2	1
2	1	1
15	1	1
1	2	1
1	1	1
1	1	1
1	14	1
7	2	1
2	2	1
18	1	1
2	2	1
1	2	1
6	21	1
7	1	1
11	2	1
2	2	1
1	2	1
2	1	1
1	3	1
28	1	1
1	2	1
1	1	1
2	1	1
46	1	1
2	1	1
5	2	1
14	1	1
1	1	1
1	9	1
3	1	1
5	32	1
7	4	1
1	1	1
1	1	1
1	2	1
2	1	1
3	2	1
20	1	1
4	1	1
1	12	1
4	3	1
1	3	1
2	2	1
1	10	1
6	1	1
46	3	1
11	7	1
27	1	1
4	1	1
1	5	1
3	4	1
3	1	1
1	1	1
1	2	1
19	1	1
8	1	1
1	1	1
2	1	1
20	1	1
1	1	1
2	1	1
3	20	1
2	1	1
1	4	1
1	1	1
6	1	1
36	12	1
4	3	1
2	1	1
6	13	1
2	2	1
1	1	1
6	1	1
3	4	1
13	2	1
1	1	1
1	15	1
6	2	1
1	2	1
1	1	1
3	1	1
1	7	1
1	1	1
5	1	1
2	1	1
1	1	1
11	1	1
2	1	1
1	1	1
2	2	1
1	7	1
1	8	1
2	2	1
4	13	1
1	4	1
3	9	1
1	2	1
6	2	1
1	1	1
1	2	1
2	1	1
2	1	1
1	5	1
3	1	1
1	5	1
3	1	1
1	2	1
3	2	1
12	2	1
7	7	1
4	7	1
2	1	1
2	3	1
3	2	1
71	1	1
13	9	1
1	1	1
2	22	1
23	1	1
8	2	1
3	2	1
1	1	1
1	1	1
5	1	1
4	2	1
1	1	1
1	1	1
1	12	1
1	2	1
6	8	1
1	3	1
1	7	1
1	5	1
20	2	1
1	1	1
2	18	1
1	3	1
10	2	1
1	3	1
4	3	1
5	2	1
5	4	1
12	2	1
65	1	1
5	3	1
1	1	1
2	1	1
8	12	1
2	2	1
21	7	1
10	4	1
2	1	1
1	5	1
41	1	1
1	1	1
1	10	1
4	1	1
2	1	1
1	3	1
4	1	1
31	1	1
16	3	1
8	2	1
54	2	1
3	1	1
1	4	1
1	7	1
13	1	1
1	4	1
5	37	1
3	1	1
1	2	1
1	2	1
1	2	1
7	1	1
14	1	1
4	1	1
7	1	1
8	1	1
2	5	1
60	4	1
3	1	1
14	5	1
4	10	1
7	1	1
5	3	1
2	4	1
1	1	1
2	1	1
1	2	1
5	10	1
11	15	1
1	2	1
8	4	1
1	1	1
4	1	1
37	1	1
11	1	1
18	1	1
1	1	1
1	15	1
1	1	1
1	3	1
13	1	1
10	7	1
17	1	1
25	1	1
1	23	1
1	1	1
1	2	1
7	3	1
1	1	1
2	10	1
3	15	1
1	1	1
2	6	1
2	2	1
5	1	1
2	11	1
1	1	1
6	8	1
1	1	1
1	9	1
2	1	1
1	11	1
1	4	1
11	2	1
1	1	1
1	4	1
10	1	1
1	1	1
3	2	1
6	1	1
2	1	1
1	1	1
1	1	1
1	6	1
1	1	1
10	3	1
2	21	1
1	2	1
1	5	1
3	2	1
1	1	1
6	5	1
2	1	1
1	15	1
2	1	1
5	1	1
1	7	1
1	4	1
1	1	1
15	2	1
1	2	1
3	7	1
1	1	1
2	1	1
1	1	1
5	5	1
1	20	1
12	1	1
6	10	1
1	1	1
4	8	1
2	7	1
3	4	1
14	2	1
7	1	1
6	6	1
5	1	1
1	1	1
2	3	1
1	3	1
1	1	1
2	7	1
1	1	1
1	1	1
17	5	1
4	2	1
12	4	1
2	9	1
2	6	1
1	1	1
1	22	1
1	1	1
11	1	1
3	7	1
1	1	1
2	1	1
12	1	1
1	13	1
4	24	1
1	4	1
1	2	1
1	2	1
1	3	1
20	30	1
1	8	1
2	2	1
16	9	1
5	7	1
1	1	1
8	1	1
1	1	1
4	5	1
3	5	1
10	1	1
1	1	1
6	4	1
1	1	1
1	9	1
2	1	1
1	1	1
1	16	1
6	1	1
1	9	1
3	2	1
1	3	1
5	5	1
19	25	1
8	1	1
1	1	1
1	1	1
5	3	1
7	105	1
10	3	1
1	4	1
3	4	1
13	1	1
29	3	1
1	1	1
8	5	1
1	10	1
1	4	1
3	1	1
4	1	1
2	1	1
3	2	1
1	7	1
1	11	1
4	1	1
1	16	1
3	2	1
2	5	1
1	6	1
3	1	1
1	6	1
1	23	1
1	1	1
5	15	1
43	1	1
4	1	1
3	1	1
16	3	1
2	2	1
2	2	1
1	7	1
1	10	1
1	1	1
16	1	1
36	1	1
6	1	1
1	1	1
1	26	1
13	1	1
28	35	1
13	3	1
1	3	1
2	3	1
5	5	1
1	1	1
5	1	1
3	38	1
1	85	1
1	1	1
2	1	1
2	3	1
3	1	1
5	2	1
2	1	1
1	3	1
10	1	1
2	6	1
1	5	1
3	8	1
3	1	1
4	9	1
5	5	1
1	3	1
4	1	1
12	1	1
16	4	1
5	7	1
8	1	1
1	3	1
1	1	1
3	1	1
2	19	1
3	2	1
14	6	1
7	1	1
2	1	1
3	1	1
1	19	1
10	3	1
2	19	1
5	2	1
1	35	1
1	5	1
4	1	1
7	20	1
1	7	1
2	1	1
7	1	1
1	1	1
8	2	1
1	5	1
16	1	1
1	2	1
1	1	1
1	2	1
1	1	1
4	14	1
1	3	1
1	1	1
1	6	1
3	1	1
10	6	1
3	3	1
2	1	1
1	3	1
1	1	1
14	15	1
1	1	1
1	12	1
4	1	1
4	1	1
1	7	1
1	9	1
15	6	1
3	8	1
5	5	1
1	29	1
4	14	1
1	7	1
1	2	1
4	1	1
24	1	1
61	2	1
3	6	1
3	1	1
2	13	1
2	2	1
2	2	1
4	1	1
5	1	1
4	3	1
1	1	1
1	3	1
2	1	1
8	9	1
3	1	1
1	2	1
4	1	1
1	1	1
6	2	1
1	8	1
4	1	1
1	7	1
1	4	1
1	1	1
5	4	1
4	2	1
4	9	1
1	2	1
6	14	1
2	2	1
45	5	1
4	1	1
2	17	1
2	2	1
2	21	1
1	42	1
4	5	1
1	60	1
6	1	1
3	1	1
1	1	1
6	6	1
2	1	1
2	1	1
1	1	1
2	4	1
1	2	1
15	1	1
2	2	1
3	3	1
3	1	1
6	33	1
7	12	1
2	7	1
1	1	1
11	5	1
28	1	1
2	2	1
2	3	1
1	1	1
1	2	1
5	1	1
4	1	1
4	3	1
11	1	1
2	14	1
1	8	1
16	1	1
1	10	1
2	9	1
1	3	1
1	6	1
9	3	1
9	1	1
7	1	1
3	5	1
9	1	1
3	2	1
3	17	1
1	1	1
11	1	1
11	3	1
1	2	1
15	12	1
4	1	1
8	1	1
1	13	1
2	2	1
3	1	1
2	3	1
8	5	1
1	1	1
12	7	1
2	1	1
2	2	1
1	1	1
1	1	1
1	3	1
1	1	1
1	1	1
3	7	1
3	1	1
1	6	1
2	1	1
2	19	1
1	10	1
2	2	1
2	6	1
2	1	1
75	1	1
2	63	1
48	2	1
2	1	1
10	5	1
2	1	1
1	1	1
21	5	1
2	1	1
2	2	1
38	2	1
2	26	1
1	2	1
6	1	1
3	7	1
3	1	1
10	3	1
1	1	1
2	1	1
11	2	1
1	4	1
2	2	1
16	1	1
1	10	1
5	1	1
1	4	1
3	29	1
2	1	1
1	15	1
1	1	1
8	16	1
1	1	1
10	1	1
14	5	1
2	1	1
12	1	1
3	19	1
1	1	1
4	4	1
3	4	1
5	2	1
6	2	1
12	1	1
7	1	1
1	1	1
7	1	1
4	3	1
10	1	1
2	30	1
1	6	1
1	1	1
1	2	1
3	23	1
13	4	1
3	17	1
1	1	1
19	3	1
20	6	1
2	4	1
5	1	1
2	2	1
7	2	1
2	3	1
1	1	1
15	1	1
1	1	1
1	1	1
2	9	1
5	5	1
2	2	1
1	7	1
1	10	1
1	1	1
1	2	1
2	1	1
3	4	1
1	1	1
2	1	1
2	60	1
1	1	1
1	10	1
1	12	1
3	8	1
2	2	1
3	2	1
36	2	1
1	3	1
1	6	1
1	1	1
1	1	1
2	3	1
1	1	1
5	5	1
1	1	1
6	20	1
1	1	1
11	1	1
52	2	1
2	45	1
2	7	1
2	3	1
3	1	1
1	2	1
1	2	1
7	1	1
3	2	1
1	2	1
1	2	1
3	1	1
1	1	1
1	1	1
2	4	1
1	3	1
5	4	1
2	2	1
3	2	1
1	14	1
2	17	1
109	2	1
12	9	1
1	5	1
5	1	1
1	2	1
10	2	1
4	3	1
2	2	1
19	3	1
1	1	1
3	8	1
12	2	1
2	1	1
10	1	1
1	1	1
1	1	1
10	4	1
2	6	1
3	6	1
3	8	1
3	4	1
5	1	1
19	1	1
2	3	1
131	3	1
9	7	1
1	2	1
2	6	1
12	2	1
2	2	1
1	59	1
21	14	1
1	4	1
13	4	1
3	2	1
1	2	1
11	5	1
1	38	1
9	1	1
2	3	1
2	15	1
30	3	1
1	1	1
2	1	1
3	1	1
1	5	1
1	1	1
1	1	1
24	9	1
15	1	1
1	1	1
1	1	1
10	23	1
2	2	1
4	4	1
2	1	1
4	3	1
2	1	1
8	1	1
3	2	1
2	9	1
1	1	1
37	15	1
1	3	1
1	6	1
2	1	1
1	1	1
1	18	1
1	21	1
8	5	1
1	1	1
1	1	1
1	4	1
3	2	1
4	2	1
1	1	1
12	2	1
2	1	1
1	4	1
1	4	1
5	1	1
3	7	1
16	1	1
1	22	1
48	1	1
1	1	1
2	1	1
3	1	1
7	3	1
1	1	1
1	1	1
2	8	1
8	1	1
4	1	1
3	1	1
24	3	1
1	1	1
5	1	1
1	30	1
14	1	1
1	1	1
2	7	1
5	1	1
1	1	1
5	3	1
4	1	1
43	6	1
4	13	1
1	8	1
1	2	1
1	1	1
2	15	1
2	1	1
2	1	1
3	1	1
2	1	1
2	3	1
4	2	1
1	2	1
2	1	1
13	2	1
2	9	1
1	1	1
5	1	1
2	1	1
7	2	1
2	76	1
1	34	1
4	1	1
9	2	1
11	1	1
1	15	1
2	2	1
3	1	1
9	12	1
6	5	1
2	1	1
3	11	1
1	1	1
16	1	1
27	2	1
1	1	1
5	2	1
5	1	1
1	1	1
3	4	1
1	2	1
1	1	1
5	1	1
26	1	1
1	1	1
24	1	1
4	3	1
3	3	1
1	2	1
1	2	1
1	24	1
2	2	1
4	1	1
3	1	1
9	1	1
3	1	1
2	2	1
3	8	1
7	1	1
39	8	1
7	1	1
4	1	1
1	5	1
2	1	1
4	11	1
12	11	1
9	4	1
3	1	1
3	2	1
2	1	1
2	1	1
7	2	1
1	1	1
1	1	1
19	1	1
2	11	1
44	1	1
5	1	1
1	1	1
5	1	1
2	1	1
5	1	1
34	3	1
1	1	1
2	3	1
3	1	1
1	1	1
8	1	1
1	2	1
3	1	1
5	2	1
1	1	1
1	8	1
2	1	1
2	1	1
2	20	1
5	5	1
1	1	1
4	2	1
5	1	1
18	1	1
1	2	1
1	6	1
2	19	1
2	2	1
2	17	1
2	9	1
6	1	1
39	3	1
3	1	1
13	1	1
1	1	1
1	4	1
1	3	1
2	2	1
1	1	1
14	13	1
2	30	1
8	1	1
3	5	1
3	6	1
31	1	1
1	1	1
12	1	1
2	1	1
1	3	1
1	3	1
1	4	1
1	2	1
2	1	1
3	1	1
3	8	1
2	9	1
1	4	1
3	2	1
4	1	1
1	3	1
1	5	1
25	1	1
4	1	1
1	1	1
1	6	1
1	1	1
2	2	1
3	1	1
18	1	1
3	9	1
2	1	1
8	14	1
3	3	1
5	31	1
7	3	1
76	34	1
1	6	1
2	4	1
1	1	1
2	39	1
5	35	1
1	2	1
7	1	1
3	4	1
1	3	1
8	1	1
13	1	1
2	1	1
4	32	1
8	1	1
4	1	1
1	1	1
1	1	1
1	11	1
5	6	1
1	1	1
4	1	1
1	32	1
3	43	1
4	1	1
3	1	1
5	5	1
2	5	1
1	3	1
9	5	1
3	1	1
5	1	1
1	4	1
1	6	1
5	1	1
2	4	1
33	1	1
1	1	1
2	7	1
1	1	1
1	2	1
2	1	1
26	1	1
88	1	1
2	5	1
2	1	1
16	2	1
4	11	1
2	1	1
1	1	1
1	7	1
1	3	1
2	5	1
1	5	1
5	2	1
4	1	1
3	1	1
6	2	1
2	2	1
8	1	1
1	1	1
4	2	1
9	2	1
8	4	1
3	1	1
8	2	1
2	5	1
1	4	1
7	7	1
3	5	1
5	2	1
1	1	1
8	1	1
1	3	1
1	1	1
5	1	1
3	22	1
1	2	1
7	2	1
1	2	1
16	1	1
1	2	1
5	1	1
5	11	1
4	1	1
4	28	1
1	1	1
4	5	1
6	1	1
4	17	1
1	1	1
7	2	1
1	1	1
1	3	1
10	19	1
1	4	1
8	1	1
1	2	1
3	1	1
2	1	1
18	1	1
11	7	1
8	1	1
10	1	1
1	1	1
41	20	1
7	1	1
2	1	1
1	5	1
2	1	1
1	12	1
4	13	1
1	1	1
1	19	1
8	1	1
6	13	1
24	2	1
2	1	1
9	1	1
21	1	1
25	5	1
3	1	1
1	8	1
6	3	1
2	3	1
14	1	1
1	11	1
4	1	1
7	1	1
2	1	1
1	1	1
4	2	1
3	2	1
3	3	1
1	7	1
8	1	1
1	1	1
3	28	1
5	1	1
12	39	1
9	1	1
1	8	1
1	1	1
1	13	1
4	1	1
20	11	1
7	1	1
4	2	1
1	1	1
4	1	1
3	1	1
5	3	1
6	1	1
4	6	1
2	3	1
1	1	1
12	9	1
1	10	1
2	2	1
2	1	1
1	1	1
1	2	1
9	2	1
4	1	1
15	2	1
2	1	1
1	8	1
2	1	1
8	1	1
31	17	1
1	1	1
3	2	1
4	1	1
1	1	1
4	3	1
3	6	1
3	1	1
1	3	1
1	13	1
3	46	1
1	1	1
9	22	1
6	1	1
7	1	1
5	1	1
30	3	1
3	5	1
2	73	1
1	1	1
1	68	1
4	1	1
2	16	1
4	1	1
5	6	1
1	1	1
1	1	1
3	1	1
2	1	1
29	2	1
25	1	1
2	1	1
13	6	1
1	2	1
6	4	1
36	5	1
38	1	1
4	1	1
7	9	1
25	1	1
2	2	1
3	5	1
1	3	1
2	1	1
1	1	1
3	1	1
1	1	1
6	1	1
8	2	1
1	1	1
70	1	1
2	1	1
2	21	1
1	7	1
1	1	1
16	9	1
15	3	1
4	1	1
2	12	1
11	1	1
3	1	1
1	1	1
2	1	1
3	1	1
10	5	1
2	12	1
13	1	1
2	1	1
14	3	1
20	1	1
3	1	1
5	4	1
3	1	1
6	2	1
3	1	1
13	2	1
1	5	1
8	1	1
6	1	1
3	1	1
3	9	1
3	4	1
1	1	1
10	1	1
1	11	1
1	1	1
2	4	1
3	1	1
2	3	1
7	1	1
4	10	1
12	1	1
2	1	1
1	1	1
13	2	1
4	2	1
1	4	1
2	2	1
6	3	1
1	1	1
3	2	1
2	1	1
7	1	1
5	2	1
2	5	1
1	1	1
17	1	1
13	22	1
1	2	1
1	2	1
1	3	1
3	5	1
2	3	1
1	1	1
13	1	1
3	2	1
7	1	1
12	3	1
3	1	1
3	3	1
6	1	1
3	8	1
1	16	1
9	2	1
27	2	1
1	1	1
8	5	1
8	6	1
4	1	1
3	2	1
9	5	1
8	2	1
1	8	1
2	4	1
19	1	1
15	1	1
5	2	1
15	1	1
3	18	1
1	4	1
1	1	1
1	6	1
2	1	1
2	2	1
17	31	1
8	5	1
9	1	1
2	3	1
5	10	1
1	2	1
1	1	1
14	1	1
1	1	1
8	3	1
1	1	1
1	1	1
27	4	1
1	1	1
1	1	1
1	1	1
1	7	1
18	1	1
1	31	1
6	3	1
15	1	1
1	3	1
23	1	1
1	2	1
4	2	1
6	1	1
2	11	1
11	1	1
33	4	1
11	2	1
7	1	1
2	25	1
1	2	1
10	1	1
4	2	1
1	14	1
1	1	1
14	17	1
1	1	1
4	4	1
1	2	1
2	8	1
12	20	1
4	5	1
39	5	1
1	1	1
4	33	1
1	2	1
11	1	1
16	3	1
3	7	1
2	1	1
2	57	1
1	4	1
1	5	1
12	2	1
8	14	1
1	1	1
1	7	1
2	2	1
1	3	1
8	3	1
41	1	1
31	2	1
1	8	1
6	2	1
15	3	1
4	1	1
2	8	1
1	12	1
1	1	1
2	5	1
2	1	1
2	5	1
9	3	1
15	1	1
1	2	1
1	8	1
1	1	1
15	13	1
14	1	1
3	2	1
3	10	1
4	6	1
11	1	1
2	11	1
4	16	1
7	1	1
21	10	1
1	2	1
12	4	1
3	1	1
17	4	1
2	3	1
1	24	1
1	17	1
1	1	1
2	1	1
1	2	1
2	8	1
1	5	1
2	1	1
2	1	1
6	2	1
12	1	1
2	1	1
4	12	1
6	1	1
4	26	1
1	1	1
7	1	1
1	12	1
8	23	1
9	17	1
1	3	1
1	1	1
3	3	1
2	7	1
5	5	1
3	1	1
8	3	1
1	5	1
3	1	1
1	12	1
1	2	1
1	3	1
1	5	1
1	7	1
1	6	1
3	2	1
1	36	1
2	2	1
6	1	1
5	11	1
5	3	1
1	10	1
1	1	1
4	2	1
3	2	1
7	1	1
5	12	1
2	3	1
5	1	1
11	1	1
3	1	1
1	25	1
7	2	1
8	1	1
2	1	1
2	8	1
2	2	1
7	19	1
3	7	1
6	1	1
3	7	1
2	1	1
5	2	1
1	8	1
1	3	1
1	15	1
1	1	1
9	1	1
29	1	1
31	1	1
1	1	1
4	2	1
1	1	1
2	3	1
57	1	1
2	3	1
2	1	1
1	4	1
2	2	1
5	20	1
3	14	1
18	2	1
47	1	1
2	1	1
5	32	1
26	1	1
1	29	1
1	2	1
1	40	1
3	6	1
2	1	1
26	1	1
3	1	1
4	1	1
1	76	1
3	93	1
1	1	1
19	1	1
1	1	1
4	9	1
13	2	1
1	1	1
1	1	1
3	12	1
2	2	1
2	8	1
2	5	1
1	1	1
1	1	1
8	1	1
26	2	1
3	28	1
7	5	1
1	1	1
14	3	1
1	7	1
45	1	1
3	25	1
4	2	1
1	9	1
3	13	1
1	1	1
13	1	1
3	6	1
1	19	1
3	2	1
2	1	1
1	1	1
21	2	1
1	1	1
1	16	1
11	6	1
3	7	1
2	1	1
3	1	1
2	8	1
6	1	1
4	12	1
3	1	1
2	1	1
4	2	1
3	1	1
21	7	1
3	1	1
10	1	1
1	3	1
1	4	1
6	10	1
2	1	1
5	2	1
2	5	1
1	2	1
3	1	1
3	12	1
14	1	1
2	4	1
1	1	1
6	2	1
4	3	1
1	2	1
5	1	1
10	1	1
1	2	1
1	4	1
1	1	1
3	4	1
6	1	1
6	15	1
3	5	1
2	8	1
1	1	1
6	15	1
4	3	1
2	14	1
3	1	1
1	1	1
1	6	1
2	9	1
2	2	1
7	1	1
2	3	1
1	28	1
24	4	1
10	1	1
1	1	1
5	2	1
18	3	1
2	11	1
1	1	1
8	1	1
3	1	1
2	8	1
2	11	1
13	3	1
6	1	1
38	3	1
1	5	1
9	1	1
2	1	1
2	4	1
5	24	1
1	1	1
2	1	1
2	2	1
1	1	1
66	1	1
3	4	1
19	2	1
1	2	1
3	1	1
96	1	1
4	1	1
9	41	1
3	1	1
3	1	1
2	2	1
5	12	1
2	1	1
10	1	1
33	3	1
22	1	1
2	1	1
1	2	1
9	1	1
5	7	1
6	1	1
1	2	1
10	1	1
2	3	1
1	7	1
4	1	1
10	6	1
6	6	1
3	8	1
7	1	1
4	7	1
3	1	1
1	1	1
4	1	1
1	6	1
5	1	1
6	4	1
10	10	1
7	43	1
4	2	1
1	4	1
3	2	1
1	2	1
3	5	1
1	9	1
1	2	1
1	1	1
2	6	1
17	3	1
7	2	1
8	10	1
1	1	1
2	3	1
1	1	1
2	4	1
3	1	1
3	1	1
1	9	1
4	1	1
4	3	1
7	1	1
4	4	1
9	42	1
4	1	1
6	15	1
2	5	1
2	2	1
2	2	1
4	1	1
4	21	1
1	11	1
8	1	1
6	1	1
19	3	1
19	1	1
1	14	1
6	18	1
7	26	1
15	1	1
6	1	1
1	3	1
18	2	1
4	2	1
3	2	1
2	1	1
3	2	1
3	2	1
4	1	1
1	4	1
3	5	1
2	1	1
1	9	1
5	1	1
3	3	1
1	1	1
1	3	1
1	3	1
5	1	1
18	1	1
7	1	1
1	1	1
2	4	1
33	1	1
6	9	1
3	2	1
2	13	1
8	59	1
2	30	1
5	2	1
5	1	1
2	2	1
8	3	1
2	10	1
3	3	1
23	1	1
4	16	1
6	10	1
3	17	1
3	27	1
19	4	1
1	1	1
8	1	1
1	2	1
1	1	1
1	15	1
2	1	1
9	15	1
2	5	1
2	7	1
19	33	1
5	22	1
1	1	1
23	4	1
1	29	1
4	9	1
6	28	1
2	5	1
4	1	1
1	1	1
3	12	1
1	8	1
4	1	1
1	1	1
3	2	1
1	1	1
1	1	1
1	6	1
2	16	1
1	1	1
1	11	1
2	9	1
7	10	1
2	1	1
5	3	1
2	3	1
1	5	1
3	4	1
1	5	1
1	4	1
1	1	1
1	7	1
1	2	1
1	3	1
1	2	1
11	4	1
2	4	1
2	2	1
2	1	1
1	12	1
1	25	1
7	1	1
2	5	1
1	11	1
2	2	1
1	5	1
3	7	1
1	2	1
5	1	1
1	3	1
2	20	1
2	1	1
1	3	1
3	7	1
2	1	1
1	10	1
2	28	1
17	1	1
6	5	1
1	1	1
10	22	1
5	4	1
2	6	1
4	1	1
1	1	1
2	1	1
2	5	1
6	1	1
1	1	1
1	2	1
1	2	1
3	2	1
9	8	1
2	4	1
1	4	1
2	1	1
2	15	1
20	2	1
11	1	1
8	9	1
6	1	1
1	2	1
9	10	1
11	3	1
7	7	1
9	1	1
71	4	1
1	2	1
1	2	1
3	2	1
1	1	1
2	3	1
1	1	1
1	1	1
2	1	1
3	10	1
4	1	1
3	1	1
1	2	1
3	1	1
2	3	1
4	2	1
3	1	1
1	2	1
1	2	1
8	5	1
21	2	1
11	2	1
82	3	1
9	1	1
1	10	1
1	1	1
1	16	1
1	10	1
1	17	1
4	13	1
2	1	1
1	1	1
1	4	1
4	3	1
1	5	1
1	13	1
1	6	1
17	20	1
2	8	1
1	4	1
1	17	1
7	2	1
1	1	1
2	5	1
2	19	1
1	1	1
2	2	1
5	2	1
1	4	1
6	2	1
1	4	1
1	1	1
1	1	1
1	2	1
10	1	1
7	2	1
1	7	1
5	1	1
1	3	1
1	12	1
1	2	1
5	6	1
60	6	1
1	8	1
17	6	1
1	8	1
12	22	1
3	32	1
2	3	1
1	6	1
2	5	1
2	1	1
5	1	1
3	7	1
2	15	1
1	5	1
4	2	1
1	1	1
1	2	1
1	1	1
2	35	1
1	1	1
3	12	1
9	4	1
2	1	1
5	2	1
2	6	1
1	1	1
10	3	1
2	2	1
1	5	1
3	1	1
2	8	1
4	3	1
6	2	1
1	4	1
9	18	1
3	2	1
3	1	1
2	5	1
16	2	1
1	6	1
2	4	1
5	1	1
4	9	1
1	2	1
1	6	1
1	4	1
13	5	1
1	4	1
10	1	1
1	3	1
3	5	1
4	1	1
1	2	1
7	3	1
1	4	1
2	2	1
2	50	1
1	2	1
1	5	1
2	3	1
3	3	1
1	4	1
1	2	1
5	2	1
2	1	1
3	1	1
2	1	1
4	1	1
3	3	1
1	35	1
6	7	1
6	5	1
11	3	1
1	3	1
1	2	1
23	13	1
2	1	1
2	7	1
1	25	1
4	10	1
12	2	1
1	9	1
3	2	1
1	2	1
7	1	1
3	1	1
12	2	1
2	6	1
2	4	1
1	10	1
3	44	1
3	3	1
2	31	1
1	3	1
3	7	1
2	1	1
1	20	1
1	10	1
1	12	1
3	12	1
3	6	1
3	8	1
4	1	1
1	1	1
