200	200
199
11	3  3
4	3  1
8	11  3
44	9  1
3	9  2
19	20  2
6	20  3
50	8  2
2	2  2
2	2  1
51	16  2
2	6  2
2	6  2
11	8  1
4	8  2
50	8  1
4	8  3
44	8  2
3	8  3
15	6  1
8	6  2
54	8  1
51	8  1
5	22  1
6	22  1
12	46  1
24	8  3
23	8  1
19	4  1
6	4  2
8	17  1
17	17  1
4	11  3
19	11  2
10	14  2
20	11  2
52	11  2
6	21  2
7	12  3
11	12  2
7	13  3
2	13  1
4	16  2
10	23  2
4	3  3
19	3  2
20	9  3
52	9  1
7	9  1
11	9  2
7	3  3
2	3  1
23	6  3
10	6  1
5	24  3
6	24  2
9	7  1
4	7  1
8	42  1
11	18  1
6	18  2
20	5  1
13	5  2
12	12  2
18	12  3
26	14  2
9	11  1
7	11  1
6	37  3
18	37  1
13	35  2
10	35  2
20	34  1
13	34  1
9	3  3
7	3  1
12	9  3
18	9  1
26	7  1
16	7  1
11	24  3
6	24  1
8	10  1
3	10  1
12	20  2
12	13  1
18	13  2
42	18  2
8	10  3
3	10  2
12	5  1
18	5  1
44	11  2
11	11  1
12	20  2
3	20  2
8	21  1
6	21  2
18	13  3
49	13  2
13	26  3
27	26  2
9	36  1
13	13  2
31	13  1
11	18  1
18	11  1
49	11  2
12	9  3
3	9  1
8	3  2
6	3  2
13	5  1
31	5  2
14	21  2
7	7  2
35	7  3
11	8  2
14	8  1
13	10  2
27	10  1
10	9  2
29	9  1
6	31  1
10	31  2
15	88  1
7	8  1
35	8  1
11	7  1
14	7  2
40	9  2
9	9  1
10	40  2
29	40  2
42	6  1
25	6  1
22	38  1
28	15  2
5	6  1
26	6  1
7	2  3
6	2  2
2	4  3
13	8  2
21	8  2
7	2  2
6	2  1
13	8  2
2	8  3
5	9  1
26	9  3
13	4  1
21	4  1
5	11  1
2	11  3
8	15  1
8	41  3
10	19  2
16	19  3
6	18  1
7	3  1
3	3  2
28	23  3
31	23  2
7	15  2
3	15  1
5	4  1
2	4  2
7	45  1
8	45  1
10	22  3
16	22  1
30	6  2
9	6  2
12	22  2
4	22  1
15	28  2
7	28  1
10	6  1
7	6  1
42	19  2
15	15  2
15	15  2
9	33  2
10	13  3
7	13  2
8	19  3
26	19  1
15	18  2
15	18  2
12	17  2
4	17  2
17	15  1
40	7  1
2	7  1
40	8  1
2	8  3
15	6  2
7	6  3
