200	200
199
18	11  2
23	11  1
17	35  3
21	35  2
25	10  1
5	1  2
7	1  3
76	12  2
8	12  3
5	9  2
7	9  3
9	13  2
16	13  1
12	22  2
5	4  3
13	4  2
16	19  1
7	19  1
46	8  3
30	8  1
8	20  1
5	31  1
13	31  2
23	7  2
23	7  2
30	12  1
9	9  2
16	9  2
23	5  2
23	5  1
16	16  1
7	16  2
21	12  1
10	12  1
6	19  3
32	39  2
9	39  1
43	45  2
17	11  1
5	7  1
16	7  2
5	4  1
16	4  2
21	7  2
10	7  1
13	19  2
11	11  2
17	11  1
6	18  1
32	18  2
19	28  3
9	9  1
3	9  3
6	35  2
11	8  3
17	8  2
9	19  1
3	19  2
6	22  3
19	5  1
13	5  2
13	21  1
6	13  3
5	6  2
5	4  3
12	4  1
5	2  3
12	2  2
19	17  2
13	17  2
5	7  3
17	7  1
32	6  3
9	6  1
41	9  1
43	9  2
6	8  3
22	8  1
19	7  3
12	7  1
60	17  1
19	17  2
10	50  1
24	30  2
5	30  1
28	34  2
27	8  3
27	8  2
9	4  2
18	4  2
7	18  1
3	10  2
12	10  2
5	12  2
9	62  2
9	47  2
9	47  1
11	7  1
29	7  2
4	22  1
2	11  3
5	11  2
9	16  1
19	97  2
3	2  1
12	2  1
15	6  1
5	6  2
11	15  1
29	15  2
7	48  1
8	41  1
12	41  3
2	5  2
5	5  3
24	4  1
5	4  3
3	6  2
3	3  1
1	3  1
9	14  2
22	4  2
7	4  1
19	3  2
9	3  3
3	3  2
1	3  2
17	4  2
2	4  1
9	13  1
18	4  1
4	4  2
7	12  1
40	8  2
4	8  1
3	8  2
4	8  2
12	4  2
5	4  3
2	9  1
18	8  3
4	8  1
12	5  2
5	5  2
13	44  2
13	37  2
7	11  2
11	11  1
16	67  1
4	14  1
6	14  2
39	6  2
18	6  1
39	18  2
18	18  1
7	26  1
11	26  2
9	15  2
9	15  2
4	10  1
6	10  1
8	7  2
12	7  2
23	7  2
17	7  3
27	14  1
21	21  1
28	16  1
5	16  2
23	7  1
17	7  1
13	7  2
18	7  1
33	6  1
7	6  2
27	26  1
28	5  1
5	5  1
5	10  2
8	10  2
31	23  3
6	7  2
3	7  1
24	8  1
7	20  1
16	14  2
5	14  1
21	3  2
12	3  3
21	16  2
12	16  1
5	13  2
8	13  2
6	1  1
3	1  3
9	12  2
24	12  2
16	5  1
5	5  2
