70 150
200
2 3 1
2 2 1
2 2 1
6 2 1
2 2 1
2 2 1
4 6 1
2 2 1
3 12 1
3 2 1
5 2 1
6 2 1
3 3 1
2 2 1
3 2 1
3 2 1
2 2 1
2 2 1
51 3 1
2 3 1
2 2 1
14 3 1
3 3 1
8 3 1
3 21 1
2 3 1
3 2 1
2 2 1
2 8 1
13 2 1
3 2 1
6 3 1
16 31 1
2 2 1
4 4 1
2 2 1
54 33 1
3 3 1
25 3 1
25 3 1
20 2 1
2 2 1
9 2 1
34 2 1
2 2 1
3 12 1
42 3 1
2 2 1
8 5 1
3 2 1
2 2 1
2 8 1
2 3 1
2 3 1
5 9 1
2 2 1
3 2 1
2 2 1
2 2 1
3 3 1
2 2 1
2 2 1
2 2 1
2 2 1
4 2 1
2 2 1
2 2 1
13 33 1
13 3 1
4 2 1
3 11 1
2 3 1
3 2 1
3 62 1
2 2 1
2 2 1
2 3 1
2 3 1
25 2 1
2 2 1
2 2 1
3 3 1
2 3 1
2 3 1
2 2 1
3 5 1
2 4 1
2 3 1
3 8 1
2 2 1
2 2 1
16 3 1
2 6 1
2 3 1
2 2 1
2 3 1
3 2 1
2 2 1
60 25 1
3 3 1
2 11 1
2 3 1
3 2 1
4 2 1
16 4 1
27 2 1
2 2 1
2 2 1
5 3 1
2 3 1
2 2 1
5 13 1
2 3 1
19 8 1
3 3 1
2 7 1
8 3 1
3 2 1
31 28 1
19 2 1
2 2 1
2 2 1
59 18 1
4 3 1
5 12 1
9 4 1
2 3 1
2 5 1
2 5 1
2 4 1
2 2 1
2 2 1
29 3 1
6 6 1
5 28 1
4 2 1
32 2 1
17 8 1
32 2 1
2 2 1
3 2 1
7 5 1
2 3 1
2 2 1
3 3 1
3 3 1
3 2 1
2 2 1
2 2 1
5 2 1
11 3 1
2 2 1
3 3 1
5 2 1
2 2 1
20 2 1
2 3 1
2 2 1
12 3 1
2 2 1
3 2 1
2 2 1
17 6 1
2 2 1
2 2 1
3 10 1
2 2 1
6 50 1
2 2 1
29 2 1
48 3 1
5 2 1
2 3 1
3 2 1
7 2 1
2 2 1
5 3 1
2 7 1
3 2 1
2 2 1
2 2 1
2 2 1
2 3 1
5 3 1
2 2 1
8 3 1
2 2 1
14 3 1
2 2 1
22 6 1
7 2 1
3 6 1
3 3 1
3 3 1
23 2 1
2 2 1
2 2 1
2 3 1
18 3 1
5 6 1
