80 100
70
6 82 1
2 4 1
3 40 1
3 2 1
2 2 1
3 4 1
3 38 1
8 2 1
8 2 1
19 23 1
3 2 1
3 20 1
7 36 1
28 22 1
2 2 1
46 12 1
22 2 1
2 2 1
3 4 1
3 6 1
3 4 1
3 2 1
2 2 1
2 2 1
2 82 1
37 22 1
3 2 1
3 15 1
24 2 1
23 38 1
3 2 1
13 2 1
2 2 1
3 22 1
11 2 1
11 38 1
2 2 1
4 33 1
4 2 1
3 37 1
9 12 1
12 7 1
2 2 1
5 2 1
2 4 1
2 2 1
25 5 1
3 2 1
3 2 1
2 2 1
3 52 1
3 40 1
2 2 1
3 14 1
6 2 1
3 2 1
3 2 1
7 2 1
2 2 1
18 4 1
7 7 1
3 4 1
19 59 1
2 2 1
3 22 1
23 2 1
18 2 1
9 22 1
13 7 1
3 5 1

