100 80
80
17 6 1
12 6 1
3 5 1
3 5 1
37 15 1
5 16 1
16 5 1
3 4 1
20 5 1
4 4 1
3 3 1
4 5 1
4 3 1
34 11 1
4 5 1
4 5 1
4 5 1
8 6 1
4 4 1
23 4 1
10 3 1
12 4 1
23 4 1
3 4 1
3 11 1
37 3 1
3 7 1
3 4 1
7 50 1
11 19 1
40 13 1
20 3 1
13 43 1
8 20 1
3 5 1
5 20 1
3 9 1
4 7 1
5 11 1
4 28 1
10 6 1
4 4 1
9 11 1
7 6 1
9 3 1
3 22 1
5 8 1
3 4 1
4 3 1
3 3 1
3 14 1
4 3 1
4 4 1
10 6 1
20 4 1
9 24 1
4 35 1
11 8 1
4 4 1
4 3 1
23 34 1
3 5 1
4 29 1
8 10 1
3 12 1
7 3 1
11 8 1
3 3 1
4 21 1
3 5 1
7 35 1
16 5 1
23 35 1
7 4 1
3 4 1
3 10 1
4 5 1
12 10 1
3 15 1
18 4 1
