150 50
100
5 3 1
4 3 1
4 4 1
4 3 1
3 3 1
4 5 1
3 13 1
3 8 1
4 5 1
3 10 1
3 5 1
47 7 1
4 3 1
3 40 1
5 3 1
3 5 1
4 3 1
3 4 1
3 4 1
4 9 1
5 3 1
4 4 1
8 7 1
4 5 1
3 20 1
47 4 1
3 3 1
4 32 1
3 39 1
15 50 1
5 5 1
11 3 1
3 3 1
24 4 1
3 3 1
3 3 1
5 3 1
3 5 1
19 17 1
12 27 1
4 5 1
3 4 1
4 4 1
4 3 1
3 4 1
4 28 1
4 3 1
8 3 1
10 5 1
22 4 1
4 15 1
4 5 1
28 5 1
3 3 1
3 6 1
3 5 1
28 11 1
3 5 1
6 54 1
8 4 1
5 5 1
19 6 1
9 5 1
3 3 1
4 5 1
3 3 1
3 3 1
3 4 1
9 4 1
3 4 1
3 3 1
3 5 1
3 4 1
3 5 1
6 5 1
4 4 1
4 3 1
4 3 1
7 3 1
16 5 1
44 35 1
4 3 1
12 23 1
3 3 1
7 3 1
4 4 1
10 3 1
4 9 1
3 54 1
18 4 1
3 5 1
5 3 1
28 7 1
9 5 1
3 8 1
3 35 1
10 5 1
5 3 1
3 5 1
3 14 1
