40 25
1 2 3 0 0 2 0 0 2
1 4.5 3 0 0 3 0 0 3
1 8 3 0 0 4 0 0 4
1 12.5 3 5 0 5 5 0 5
1 9 3 0 3 6 0 6 3
1 14 3 0 4 7 0 7 4 
1 21 6 0 0 5 0 5 3 3 3 3 5 0 5
1 10 6 0 0 4 0 4 1 2 1 2 4 0 4 
1 30 6 0 0 6 0 6 3 4 3 4 6 0 6
1 7 6 0 0 5 0 5 2 3 2 3 1 0 1
1 5 6 0 0 4 0 4 2 3 2 3 1 0 1
1 30 6 0 0 6 0 6 3 4 3 4 6 0 6
1 36 4 0 0 6 0 6 6 0 6
1 25 4 0 0 5 0 5 5 0 5
1 16 4 0 0 4 0 4 4 0 4
1 20 12 2 0 4 0 4 2 6 2 6 4 4 4 4 6 2 6 2 4 0 4 0 2 2 2
1 5 12 1 0 2 0 2 1 3 1 3 2 2 2 2 3 1 3 1 2 0 2 0 1 1 1
1 20 12 2 0 4 0 4 2 6 2 6 4 4 4 4 6 2 6 2 4 0 4 0 2 2 2
1 5 12 1 0 2 0 2 1 3 1 3 2 2 2 2 3 1 3 1 2 0 2 0 1 1 1
1 18 4 0 0 6 0 6 3 0 3
1 4 4 0 0 1 0 1 4 0 4
1 10 4 0 0 5 0 5 2 0 2
1 28 8 2 0 4 0 6 2 6 4 4 6 2 6 0 4 0 2
1 38 8 3 0 6 0 8 2 8 4 6 6 3 6 0 4 0 2
1 14 8 0 1 2 0 4 0 6 1 6 2 4 3 2 3 0 2

