70 25
1 48 4 0 4 6 0 12 4 6 8
1 75 6 5 0 10 0 10 10 0 10 0 5 5 5
1 20 8 0 0 6 0 4 2 4 4 6 6 0 6 2 4 2 2
1 40 8 0 0 8 0 6 2 6 6 8 8 0 8 2 6 2 2 
1 68 8 0 0 10 0 8 2 8 8 10 10 0 10 2 8 2 2
1 28 8 0 0 6 0 6 6 4 6 4 2 2 2 2 6 0 6
1 40 8 0 0 8 0 8 8 6 8 6 2 2 2 2 8 0 8
1 52 8 0 0 10 0 10 10 8 10 8 2 2 2 2 10 0 10
1 72 3 0 0 12 0 6 12
1 32 3 0 0 8 0 4 8
1 50 3 0 10 10 0 10 10
1 96 4 6 0 12 8 6 16 0 8
1 72 3 6 0 12 12 0 12 
1 32 3 0 0 8 0 4 8
1 50 3 5 0 10 10 0 10
1 40 4 4 0 8 5 4 10 0 5 
1 26 7 2 0 4 0 6 2 6 4 3 6 0 4 0 2
1 52 7 2 0 6 0 8 2 8 6 4 8 0 6 0 2
1 27 6 0 0 6 0 6 3 3 3 3 6 0 6
1 48 6 4 0 8 0 8 8 0 8 0 4 4 4
1 27 6 0 0 6 0 6 3 3 3 3 6 0 6
1 48 6 4 0 8 0 8 8 0 8 0 4 4 4
1 144 4 0 0 12 0 12 12 0 12
1 64 4 0 0 8 0 8 8 0 8
1 100 4 0 0 10 0 10 10 0 10
