2550 20
2 349300.5 9 10 115 478 113 727 21 856 44 930 47 1049 0 1097 295 1078 396 0 407
2 86426 4 0 0 316 2 316 274 0 275
4 18878.5 4 0 1 239 0 242 80 0 78
2 186259 6 0 310 0 119 384 0 384 70 759 69 758 310
2 26148 4 0 252 0 75 150 0 148 175
2 314225.5 18 852 412 503 414 387 451 355 505 300 451 45 325 0 221 0 154 55 53 145 16 329 25 407 35 539 38 597 51 668 20 736 0 784 3 849 194
2 347295.5 14 0 232 827 0 894 20 975 258 1097 260 1003 500 884 463 845 453 761 490 732 547 694 544 616 477 539 414 0 426
2 361227 18 151 427 97 266 0 259 75 28 126 21 191 61 271 50 316 64 359 10 436 6 442 43 694 75 726 42 1091 0 1094 211 1033 208 987 346 926 393
2 170670 6 0 0 745 24 619 196 590 276 522 260 6 282

