79 64
8 722.5 8 0 3 12 2 14 0 24 3 33 4 59 5 59 16 4 16
8 968 8 0 22 0 8 27 5 37 2 41 0 47 3 56 6 56 22
1 285 4 0 0 57 0 57 5 0 5
1 260 4 0 0 52 0 52 5 0 5
1 220 4 0 0 44 0 44 5 0 5
1 210 4 0 0 42 0 42 5 0 5
8 42 4 0 0 21 0 21 2 0 2
8 65.5 4 0 0 15 4 13 7 0 6
1 52.5 4 0 0 15 1 15 4 0 4
1 70 4 0 0 14 0 14 5 0 5
1 49 4 0 0 14 1 14 4 0 4
1 65 4 0 0 13 0 13 5 0 5
2 45.5 4 0 0 13 1 13 4 0 4
2 60 4 0 0 12 0 12 5 0 5
8 98 7 6 0 10 2 12 10 10 11 2 11 0 10 2 2
8 64 5 0 2 3 0 8 2 8 10 2 10
4 32 7 3 0 5 1 6 6 5 7 1 7 0 6 1 1
