53 53
105
1 1 1		
1 12 1		
2 14 1
1 8 1
1 11 1
1 7 1
1 2 1
1 3 1
1 3 1
1 6 1
1 2 1
6 2 1
2 2 1
2 2 1
8 2 1
2 2 1
2 2 1
2 2 1
2 2 1
2 2 1
2 2 1
3 2 1
3 2 1
2 2 1
1 10 1
1 10 1
1 16 1
1 9 1
1 8 1
1 18 1
1 35 1
3 1 1
3 3 1
2 2 1
3 7 1
3 14 1
3 3 1
3 3 1
3 9 1
3 11 1
45 6 1
45 1 1
1 42 1
3 2 1
1 2 1
3 2 1
1 2 1
2 2 1
1 2 1
1 2 1
3 2 1
2 2 1
2 2 1
2 2 1
1 2 1
7 2 1
4 2 1
2 2 1
2 2 1
2 2 1
2 2 1
2 2 1
1 2 1
24 1 1
6 1 1
14 5 1
30 4 1
5 27 1
7 18 1
7 1 1
2 2 1
2 2 1
3 2 1
3 2 1
4 2 1
5 2 1
6 2 1
6 2 1
8 2 1
2 1 1
3 1 1
2 1 1
7 1 1
2 1 1
3 1 1
2 1 1
7 1 1
2 1 1
2 1 1
3 2 1
2 1 1
2 1 1
3 1 1
1 25 1
1 16 1
6 9 1
5 16 1
12 13 1
13 13 1
7 12 1
18 12 1
33 8 1
34 4 1
11 11 1
11 1 1
