200 200
73
112	22  2
18	47  2
61	25  2
9	38  2
41	8  4
50	12  2
21	25  2
26	57  2
35	13  3
35	33  3
6	4  3
56	29  2
12	13  1
32	9  2
39	16  2
10	4  1
22	35  1
22	31  1
24	94  1
13	11  1
29	8  2
64	19  3
5	3  2
24	52  1
18	49  5
34	23  4
52	43  1
5	7  1
12	2  3
31	5  4
8	5  2
4	9  1
21	6  3
10	41  4
13	4  1
38	35  2
29	37  2
5	20  3
14	34  1
8	38  2
20	28  1
57	17  1
25	14  2
23	72  1
51	17  3
60	28  1
2	10  1
8	17  1
10	36  5
19	25  3
19	10  1
19	41  1
32	11  5
10	39  4
6	6  2
7	2  2
6	33  4
5	32  3
3	19  2
4	4  1
3	13  2
24	21  1
68	11  1
10	9  1
24	10  5
44	19  3
26	7  1
6	11  1
13	13  2
2	11  4
24	4  1
48	9  1
30	7  5
