200	200
89
101	37  2
99	25  1
10	12  2
14	80  4
55	14  3
20	19  2
50	10  3
9	11  2
15	18  1
14	17  2
23	14  3
31	19  2
24	5  4
8	10  1
36	9  2
22	59  1
28	14  2
2	13  1
7	7  4
9	3  1
14	45  1
4	1  4
32	5  1
23	42  2
12	4  2
22	6  2
15	23  2
16	16  1
16	40  4
10	56  1
18	94  2
15	40  2
37	35  1
9	31  1
22	24  2
1	5  4
36	10  1
22	10  2
15	104  1
12	21  2
4	16  1
16	5  2
22	49  1
25	11  4
44	12  1
11	48  2
14	5  1
17	6  2
2	10  4
6	1  1
50	11  2
15	81  2
11	33  2
8	6  6
9	4  3
11	2  4
22	65  2
13	35  1
18	47  1
16	54  2
10	37  3
6	8  2
20	53  2
3	7  3
19	4  2
8	35  4
17	29  1
25	46  2
11	12  3
10	6  2
5	16  2
8	12  2
8	32  1
13	19  3
26	4  1
4	14  1
16	3  4
3	17  1
13	9  1
34	6  2
9	5  1
21	13  3
5	1  4
4	12  1
39	11  2
24	8  1
6	4  2
20	3  3
15	3  2
