200	200
93
28	7  1
9	8  1
8	6  1
59	22  2
23	10  1
7	5  5
27	8  3
10	45  3
29	32  2
3	14  2
4	3  2
4	2  2
4	14  2
8	21  3
20	13  2
13	12  3
31	11  1
18	41  1
5	9  2
26	8  3
13	18  2
37	8  3
20	6  1
30	10  1
9	31  1
19	24  1
7	10  1
65	29  2
24	25  2
6	21  4
4	13  2
25	57  1
20	14  1
11	18  4
3	19  3
12	59  2
23	70  5
22	38  2
15	4  2
19	57  3
13	3  1
29	8  4
20	18  2
6	12  2
7	26  2
4	1  1
7	25  2
36	7  2
23	59  2
18	50  3
1	3  2
14	40  1
7	46  1
20	40  3
37	7  1
4	23  3
32	27  1
5	16  2
5	30  2
7	11  2
9	11  2
5	13  2
14	86  1
8	25  2
6	6  2
9	7  2
16	9  3
14	5  2
2	9  2
16	18  3
15	6  1
26	17  1
8	4  3
6	14  2
28	73  2
7	12  3
2	7  2
35	11  2
24	10  4
25	9  2
6	5  1
62	22  3
49	8  1
47	19  1
7	14  1
24	20  3
18	25  2
41	41  2
69	18  2
2	12  4
22	5  3
40	7  1
117	20  3
