200	200
94
18	90  4
15	63  3
23	89  2
108	19  4
17	45  3
19	106  2
12	30  1
22	14  2
74	26  1
5	16  1
17	41  2
9	16  2
82	12  3
17	25  2
3	4  2
79	17  4
12	13  3
7	27  1
8	32  3
33	5  2
4	17  2
20	5  1
48	13  2
10	20  2
10	32  4
25	22  3
8	12  1
9	12  4
3	20  2
8	36  2
14	9  1
26	7  3
8	7  2
9	6  2
14	73  2
25	5  1
12	10  3
5	10  2
4	8  1
9	2  1
17	11  1
18	11  2
35	11  5
7	29  2
23	9  3
7	2  2
49	14  1
30	10  2
28	40  2
21	48  1
11	44  2
3	18  3
13	13  1
16	16  1
87	30  4
5	26  2
8	3  2
24	23  1
10	38  1
22	6  1
67	16  3
32	24  1
1	4  1
10	12  3
6	11  2
16	3  3
22	8  1
39	8  1
8	20  4
4	26  3
55	8  2
63	18  1
18	5  3
20	4  1
4	1  3
6	13  1
22	22  3
49	15  2
3	13  2
1	1  1
9	11  2
7	10  4
35	20  1
28	9  1
31	11  1
4	2  1
7	19  2
1	6  3
7	9  2
47	16  2
2	7  1
5	13  2
66	11  2
40	9  2
