200	200
170
19	50  3
8	50  1
8	8  1
9	8  2
8	2  1
10	2  2
10	29  2
17	22  2
32	22  3
9	22  2
6	9  2
21	9  2
3	15  2
10	5  2
30	5  3
8	11  2
10	11  2
10	10  1
30	10  2
8	5  2
9	5  1
6	13  3
21	13  2
17	64  2
10	26  3
8	26  2
3	18  2
40	18  1
17	7  2
32	7  2
9	11  2
27	11  2
4	23  2
6	23  2
14	7  2
35	7  2
10	6  2
3	6  2
5	11  2
14	15  1
4	15  2
12	74  2
12	29  2
19	29  1
14	41  1
22	8  2
13	8  2
10	38  2
8	38  1
3	5  2
22	33  2
5	13  1
8	13  1
8	10  3
3	9  3
2	9  3
5	31  1
14	27  3
4	27  2
10	41  1
9	41  1
8	52  3
4	25  2
6	25  2
3	1  2
2	1  1
8	21  1
5	21  3
5	20  1
8	20  2
12	45  1
19	45  3
18	41  2
7	12  2
28	12  3
25	9  2
28	9  1
25	4  3
28	4  2
3	4  2
4	4  2
7	9  3
6	12  2
5	3  1
17	3  2
31	7  2
4	9  2
5	4  2
17	4  1
22	5  1
31	5  1
7	4  1
21	4  1
27	14  2
94	14  1
12	9  2
31	9  1
8	4  1
17	9  3
25	12  2
24	12  2
4	10  2
20	10  2
19	16  2
29	45  2
28	5  2
15	5  2
7	32  2
4	5  2
5	15  3
23	15  2
6	18  1
9	18  2
12	10  3
17	10  2
4	6  2
20	6  2
25	7  1
24	7  1
6	19  2
9	19  1
9	21  2
19	38  1
7	19  2
10	3  2
12	3  3
28	27  2
12	18  1
5	12  2
23	12  1
10	16  2
12	16  1
9	9  2
43	13  2
7	13  2
6	2  2
9	2  2
15	17  1
9	17  1
7	16  3
8	3  2
25	27  2
20	24  1
9	30  2
4	24  1
10	24  1
28	8  2
20	4  2
1	4  2
6	3  2
16	3  3
3	19  1
27	8  1
48	8  2
17	17  3
26	17  2
48	11  1
7	10  1
17	13  1
26	13  1
4	12  1
12	8  1
3	11  1
75	11  2
9	4  2
14	4  2
27	5  2
23	5  3
13	4  1
12	4  1
