0 problema2026.txt 2500 n 300 0.91 0.12 0.12 0.12 20 A 0.25
0 problema2026.txt 2500 n 300 0.91 0.12 0.12 0.12 20 A 0.3
0 problema2026.txt 2500 n 300 0.91 0.12 0.12 0.12 20 A 0.35
0 problema2026.txt 2500 n 300 0.91 0.12 0.12 0.12 20 A 0.4
0 problema2026.txt 2500 n 300 0.91 0.12 0.12 0.12 20 A 0.45
0 problema2026.txt 2500 n 300 0.91 0.12 0.12 0.12 20 A 0.5
0 problema2026.txt 2500 n 300 0.91 0.12 0.12 0.12 20 A 0.55
0 problema2026.txt 2500 n 300 0.91 0.12 0.12 0.12 20 A 0.6
0 problema2026.txt 2500 n 300 0.91 0.12 0.12 0.12 20 A 0.65
0 problema2026.txt 2500 n 300 0.91 0.12 0.12 0.12 20 A 0.7
